          -20.875                0           -15.86   -2.7773234e-07    1.4526068e-08    -2.562831e-07
          -20.875                0           -14.19   -5.2960218e-07    1.5068774e-07   -7.9994315e-05
          -20.875                0           -12.52   -2.4508435e-07    4.9999613e-07   -0.00016082964
          -20.875                0           -10.85   -7.8169421e-07    5.6867418e-07   -0.00024613985
          -20.875                0            -9.18    7.4647022e-07    2.0102514e-07   -0.00033185771
          -20.875                0            -7.51    1.5881216e-06    -7.893221e-08   -0.00041202377
          -20.875                0            -5.84    5.0286224e-07    2.5963755e-07   -0.00047812902
          -20.875                0            -4.17    1.0160718e-07    1.3190842e-06    -0.0005258866
          -20.875                0             -2.5   -5.2060707e-09    2.8396287e-06   -0.00053217943
          -20.875                0            -0.83    5.8769621e-07    5.3758731e-06   -0.00052277022
          -20.875                0             0.84     5.203508e-07     3.096796e-06   -0.00047331082
          -20.875                0             2.51   -5.6786632e-07    4.5544789e-07   -0.00040978703
          -20.875                0             4.18   -6.8998247e-07   -3.1173113e-07   -0.00033221874
          -20.875                0             5.85    1.7494474e-07   -4.4877385e-07   -0.00024610767
          -20.875                0             7.52   -3.8501165e-07   -7.6240354e-07    -0.0001605006
          -20.875                0             9.19    2.8169055e-08   -4.4267492e-07   -7.8961195e-05
          -20.875                0            10.86    3.9891027e-08   -1.1279215e-07   -5.4408935e-07
          -19.205                0           -15.86    0.00011309238    1.0538969e-07   -7.8584674e-07
          -19.205                0           -14.19    0.00011794693    8.4658041e-09   -7.6198528e-05
          -19.205                0           -12.52     0.0001181043   -2.9174964e-07   -0.00015801289
          -19.205                0           -10.85    0.00012185305   -7.7437278e-07     -0.000246412
          -19.205                0            -9.18    0.00011995228    2.7291526e-07   -0.00033564551
          -19.205                0            -7.51    0.00010783879    1.1825352e-07   -0.00042972257
          -19.205                0            -5.84    7.8309044e-05    1.0991048e-06      -0.00050251
          -19.205                0            -4.17    4.2173619e-05    2.2847596e-06   -0.00054951594
          -19.205                0             -2.5    -5.576248e-06    2.6214593e-07   -0.00057199498
          -19.205                0            -0.83   -4.1310057e-05   -2.2554545e-06   -0.00055474992
          -19.205                0             0.84   -7.5429401e-05   -1.7821698e-06   -0.00050414557
          -19.205                0             2.51   -0.00010530351    5.3110125e-07   -0.00042931788
          -19.205                0             4.18   -0.00011982972    2.0368043e-07   -0.00033573195
          -19.205                0             5.85   -0.00012113598    1.6157309e-06   -0.00024634923
          -19.205                0             7.52   -0.00011983642   -4.4149419e-07   -0.00015856761
          -19.205                0             9.19    -0.0001151544    2.0898217e-06   -7.7864875e-05
          -19.205                0            10.86   -0.00011417649   -7.8652442e-07   -3.0386008e-07
          -17.535                0           -15.86    0.00022692981    7.3137414e-08   -7.7394196e-07
          -17.535                0           -14.19    0.00023363371     1.193157e-07   -7.3729614e-05
          -17.535                0           -12.52    0.00024334816    4.4635635e-07   -0.00015320728
          -17.535                0           -10.85    0.00025306255    1.0459371e-06   -0.00024420454
          -17.535                0            -9.18    0.00025086111    1.2575011e-06   -0.00035051204
          -17.535                0            -7.51    0.00022626489    9.4831606e-08   -0.00045840815
          -17.535                0            -5.84    0.00017806955    4.2637942e-07   -0.00054921152
          -17.535                0            -4.17    9.4792878e-05   -7.9303186e-07   -0.00061139959
          -17.535                0             -2.5    3.2971063e-06   -1.3407647e-07   -0.00063425821
          -17.535                0            -0.83   -9.7468757e-05   -4.3706041e-06   -0.00060623907
          -17.535                0             0.84   -0.00016608054    3.4656146e-06   -0.00055274746
          -17.535                0             2.51   -0.00023148183   -4.4700755e-07   -0.00045186246
          -17.535                0             4.18   -0.00024991221   -7.2926309e-07   -0.00034612266
          -17.535                0             5.85   -0.00024810975   -2.5253308e-07   -0.00023912991
          -17.535                0             7.52   -0.00024279192   -1.8986477e-06   -0.00015078028
          -17.535                0             9.19   -0.00023338021    5.3051053e-07   -7.3252173e-05
          -17.535                0            10.86    -0.0002275594   -9.2532269e-07    4.7380365e-07
          -15.865                0           -15.86    0.00033914382    3.5237193e-08   -1.6034886e-07
          -15.865                0           -14.19    0.00034848048   -5.4489419e-08   -6.5516695e-05
          -15.865                0           -12.52    0.00037972967     3.328214e-07     -0.000127914
          -15.865                0           -10.85    0.00041128419   -2.6369776e-07   -0.00022004073
          -15.865                0            -9.18    0.00041597517   -1.3215963e-06   -0.00033901801
          -15.865                0            -7.51    0.00041242345   -4.1426624e-06   -0.00049735507
          -15.865                0            -5.84    0.00030008508   -7.1807381e-07   -0.00063848385
          -15.865                0            -4.17    0.00016303748   -1.3869695e-06   -0.00073732453
          -15.865                0             -2.5    2.6881876e-06    -1.467551e-06   -0.00075867056
          -15.865                0            -0.83   -0.00016265812    5.6138208e-07   -0.00073879247
          -15.865                0             0.84   -0.00031514911    9.8664418e-07    -0.0006448229
          -15.865                0             2.51   -0.00040840261   -1.4416546e-06   -0.00049836881
          -15.865                0             4.18   -0.00042436979   -2.9688745e-06    -0.0003470564
          -15.865                0             5.85   -0.00040639698    1.3304555e-06   -0.00023127801
          -15.865                0             7.52   -0.00037433321    1.4784544e-06   -0.00013002018
          -15.865                0             9.19   -0.00035124205   -6.8221925e-07   -6.3696345e-05
          -15.865                0            10.86   -0.00033970331   -6.5912292e-07    6.0725483e-07
          -14.195                0           -15.86    0.00044885607    1.1847428e-07    1.3470922e-06
          -14.195                0           -14.19    0.00046772984   -3.0837214e-07   -4.7760481e-05
          -14.195                0           -12.52    0.00050970557    5.4399129e-07   -9.2686074e-05
          -14.195                0           -10.85    0.00058799837    2.0820967e-06   -0.00017515886
          -14.195                0            -9.18     0.0006513698   -1.2350069e-06   -0.00034022523
          -14.195                0            -7.51    0.00069200358   -1.4413311e-06   -0.00056743959
          -14.195                0            -5.84    0.00053606136    3.7672028e-06   -0.00083946652
          -14.195                0            -4.17    0.00021157948    4.5628453e-06   -0.00097052264
          -14.195                0             -2.5    1.8669593e-06    3.5471365e-07   -0.00094733061
          -14.195                0            -0.83   -0.00022062258    2.3268994e-06   -0.00094585196
          -14.195                0             0.84   -0.00054110785    6.3876996e-08   -0.00083605893
          -14.195                0             2.51   -0.00066644209    3.8599114e-06   -0.00055815565
          -14.195                0             4.18   -0.00066124252    6.6423127e-07   -0.00032073702
          -14.195                0             5.85   -0.00058692985    2.3055406e-07    -0.0001682931
          -14.195                0             7.52   -0.00050942291    3.1621312e-08   -9.0699832e-05
          -14.195                0             9.19   -0.00046694631   -1.0897035e-06   -4.1713134e-05
          -14.195                0            10.86   -0.00044701254    1.7250434e-07    1.9492745e-06
          -12.525                0           -15.86    0.00053170609    -5.816629e-07    2.0422881e-06
          -12.525                0           -14.19    0.00057539839   -7.5176104e-08    1.5590889e-05
          -12.525                0           -12.52    0.00063186616    5.5774635e-06    -1.037045e-05
          -12.525                0           -10.85    0.00078438764   -1.5480891e-06   -5.0434282e-05
          -12.525                0            -9.18     0.0009960474    1.9124072e-06   -0.00019021438
          -12.525                0            -7.51     0.0011779824   -4.8739639e-07   -0.00055183819
          -12.525                0            -5.84    0.00099702843   -4.6076875e-06    -0.0012207124
          -12.525                0            -4.17    0.00022254788   -5.8817677e-06     -0.001292564
          -12.525                0             -2.5   -7.3585861e-06   -2.6256755e-06    -0.0010889203
          -12.525                0            -0.83   -0.00019660959   -1.2904231e-06    -0.0013154797
          -12.525                0             0.84    -0.0010191629   -1.0320509e-05    -0.0012287111
          -12.525                0             2.51    -0.0011382267   -5.0000835e-08   -0.00053206633
          -12.525                0             4.18   -0.00098603615   -1.2768845e-06   -0.00019111208
          -12.525                0             5.85    -0.0007767771    7.1863997e-07   -5.1090014e-05
          -12.525                0             7.52   -0.00063455675    5.1187635e-07   -1.1637415e-05
          -12.525                0             9.19   -0.00057406619   -3.7608424e-07    1.0108806e-05
          -12.525                0            10.86   -0.00052909955    1.5461779e-06    1.6773574e-06
          -10.855                0           -15.86    0.00057953427    3.2655678e-06    1.8527859e-06
          -10.855                0           -14.19    0.00063892163    2.5574263e-07    4.7201018e-05
          -10.855                0           -12.52    0.00073685218    -2.392761e-06    0.00012041717
          -10.855                0           -10.85    0.00093038991    -8.664103e-06    0.00018005726
          -10.855                0            -9.18     0.0013132817    8.3294581e-06    0.00014902816
          -10.855                0            -7.51     0.0020200354   -8.7726676e-06   -1.5328731e-05
          -10.855                0            -5.84     0.0041740634    0.00010742798    -0.0027933423
          -10.855                0            -4.17    -0.0023667531   -6.9911017e-05    -0.0025721209
          -10.855                0             -2.5    4.2318967e-05    3.1551012e-06   -0.00021362955
          -10.855                0            -0.83     0.0023298056    3.7073187e-05    -0.0026339372
          -10.855                0             0.84    -0.0042139366   -0.00011525222    -0.0027613242
          -10.855                0             2.51     -0.002084421    2.7311522e-05   -0.00012537984
          -10.855                0             4.18    -0.0013269976   -4.6842933e-07    0.00017812962
          -10.855                0             5.85   -0.00092977675     1.450926e-07    0.00016919806
          -10.855                0             7.52   -0.00072563393   -6.4301048e-06    0.00011989959
          -10.855                0             9.19   -0.00063876639    5.0270773e-07    8.3896593e-05
          -10.855                0            10.86   -0.00057480001    2.0599368e-06   -3.1513656e-07
           -9.185                0           -15.86    0.00060690875    9.8508999e-06    4.1917669e-06
           -9.185                0           -14.19    0.00065096328   -6.9601065e-06    0.00013418071
           -9.185                0           -12.52    0.00075475074    -1.501121e-07    0.00026624044
           -9.185                0           -10.85    0.00096547691    9.5462428e-06    0.00044725923
           -9.185                0            -9.18     0.0013979058   -4.0988343e-06    0.00071348355
           -9.185                0            -7.51     0.0021762028    6.5582644e-06     0.0013723288
           -9.185                0            -5.84     0.0041385666   -3.4409655e-05       0.00457387
           -9.185                0            -4.17    -0.0023454237   -1.3862548e-05     0.0047027809
           -9.185                0             -2.5    6.4375141e-05   -1.2924454e-05     0.0020161178
           -9.185                0            -0.83     0.0023969822   -0.00014836618     0.0048437142
           -9.185                0             0.84    -0.0041619749   -8.2189137e-05     0.0045323684
           -9.185                0             2.51    -0.0021846863   -1.6964281e-05     0.0013010054
           -9.185                0             4.18    -0.0013608111    8.9390587e-06    0.00068738725
           -9.185                0             5.85    -0.0009751895     7.485487e-07    0.00046226781
           -9.185                0             7.52   -0.00076478662    7.3418341e-06    0.00026424145
           -9.185                0             9.19   -0.00065359328   -3.9455826e-06    0.00012111623
           -9.185                0            10.86   -0.00059557002    7.1184803e-07    7.2246303e-07
           -7.515                0           -15.86    0.00056386972    9.7235466e-07    2.5373261e-06
           -7.515                0           -14.19     0.0006160331    3.6258352e-06    0.00019366169
           -7.515                0           -12.52    0.00070824433    1.8215178e-06     0.0004304508
           -7.515                0           -10.85    0.00089035899    3.8330345e-06    0.00071825949
           -7.515                0            -9.18     0.0011600161   -6.3123698e-06     0.0011567055
           -7.515                0            -7.51      0.001430453   -2.3877128e-05     0.0019032253
           -7.515                0            -5.84     0.0012419899    3.1135241e-05     0.0032228553
           -7.515                0            -4.17     0.0002111551    3.2923203e-05     0.0034830319
           -7.515                0             -2.5   -2.6074104e-06    5.1146963e-06     0.0031420821
           -7.515                0            -0.83    -0.0002391841    1.9090217e-05     0.0035618832
           -7.515                0             0.84    -0.0012068137    1.4292027e-05     0.0030395081
           -7.515                0             2.51    -0.0014066703   -5.9024997e-06     0.0020004094
           -7.515                0             4.18    -0.0011804637   -1.6156228e-06     0.0011326455
           -7.515                0             5.85   -0.00087187858   -6.5199638e-06     0.0007337383
           -7.515                0             7.52   -0.00070124905    4.6136411e-06    0.00041653341
           -7.515                0             9.19   -0.00061832072    3.4470236e-06     0.0001707054
           -7.515                0            10.86   -0.00055634027   -2.3382674e-06    1.0545625e-06
           -5.845                0           -15.86    0.00049796951    8.2288989e-07    4.7801127e-06
           -5.845                0           -14.19    0.00052637211    4.2120314e-07    0.00025576603
           -5.845                0           -12.52    0.00058309827      1.86328e-06    0.00053024862
           -5.845                0           -10.85     0.0007045035   -4.6626155e-06    0.00088758231
           -5.845                0            -9.18    0.00082711759    2.9472403e-07     0.0013519417
           -5.845                0            -7.51    0.00089596387   -1.1037591e-06     0.0019834354
           -5.845                0            -5.84    0.00067961594   -7.0098472e-06      0.002599061
           -5.845                0            -4.17    0.00030177814    7.3389288e-06     0.0029616789
           -5.845                0             -2.5   -2.7600036e-06   -1.1657341e-06     0.0029964321
           -5.845                0            -0.83   -0.00029723329   -2.5218294e-06      0.002943038
           -5.845                0             0.84   -0.00069487572    1.1101305e-06     0.0026318245
           -5.845                0             2.51   -0.00081507314    1.8189382e-07     0.0019159006
           -5.845                0             4.18   -0.00081781764   -7.2603098e-07     0.0013495553
           -5.845                0             5.85   -0.00071926124   -8.2464248e-07    0.00088295434
           -5.845                0             7.52   -0.00058114273    8.2296538e-08    0.00053418922
           -5.845                0             9.19   -0.00052360387    1.1795996e-06    0.00025361538
           -5.845                0            10.86   -0.00049662933   -2.2003739e-07    6.5602117e-06
           -4.175                0           -15.86    0.00036870971    1.2986235e-06    1.1018245e-06
           -4.175                0           -14.19     0.0003936227   -9.2490382e-07    0.00029794581
           -4.175                0           -12.52    0.00043693278    4.1342714e-06    0.00060550187
           -4.175                0           -10.85    0.00049000321   -2.1367032e-06    0.00097336411
           -4.175                0            -9.18    0.00055483589    2.2052718e-06     0.0014278034
           -4.175                0            -7.51    0.00053648453     -1.57083e-06     0.0019242066
           -4.175                0            -5.84     0.0004242782   -1.0250733e-07     0.0023773995
           -4.175                0            -4.17    0.00022825233    7.8417397e-06     0.0026809513
           -4.175                0             -2.5   -2.8761424e-06    4.2179208e-06      0.002754271
           -4.175                0            -0.83    -0.0002092779   -4.6892092e-06     0.0026662704
           -4.175                0             0.84   -0.00044521075    2.2098811e-06     0.0023821043
           -4.175                0             2.51    -0.0005365205   -1.6848326e-06     0.0019221926
           -4.175                0             4.18   -0.00054988195   -1.8072921e-06     0.0014270383
           -4.175                0             5.85   -0.00050657446     1.016283e-06    0.00099049532
           -4.175                0             7.52   -0.00043048128   -5.7693478e-07    0.00060255622
           -4.175                0             9.19   -0.00039498828   -1.6022359e-06    0.00030672847
           -4.175                0            10.86   -0.00036940337    8.6185878e-08    1.1578111e-06
           -2.505                0           -15.86    0.00023153886    7.2465298e-07     7.994779e-07
           -2.505                0           -14.19     0.0002453216   -3.3960532e-09    0.00031391828
           -2.505                0           -12.52    0.00026620564    6.3548214e-08    0.00065185368
           -2.505                0           -10.85    0.00029449165   -2.9424152e-06     0.0010221694
           -2.505                0            -9.18    0.00030860171   -1.3794532e-06     0.0014356714
           -2.505                0            -7.51    0.00029875035   -1.0884778e-06     0.0018705365
           -2.505                0            -5.84    0.00023716522   -3.2724392e-06     0.0022531075
           -2.505                0            -4.17    0.00011236592   -5.6682557e-06     0.0024865924
           -2.505                0             -2.5    1.5299202e-06   -6.9409143e-06     0.0025784476
           -2.505                0            -0.83   -0.00012279341    1.8646851e-06     0.0024984672
           -2.505                0             0.84   -0.00023632491    1.5861497e-06     0.0022357253
           -2.505                0             2.51   -0.00029010151    1.7411874e-06      0.001874799
           -2.505                0             4.18      -0.00031643    2.8016302e-08     0.0014408458
           -2.505                0             5.85   -0.00028856169      6.33735e-07     0.0010289662
           -2.505                0             7.52   -0.00026436526    4.6267485e-07    0.00064748188
           -2.505                0             9.19    -0.0002467795    4.8774376e-07    0.00031652703
           -2.505                0            10.86   -0.00023190462   -1.1207607e-07    2.9756939e-07
           -0.835                0           -15.86    7.8878125e-05    5.8611136e-08    2.7098695e-06
           -0.835                0           -14.19    8.2077902e-05   -2.9215698e-07    0.00032821691
           -0.835                0           -12.52    9.1369169e-05   -4.7862568e-07    0.00066705677
           -0.835                0           -10.85    9.8178876e-05      1.28381e-06       0.00104239
           -0.835                0            -9.18    0.00010262479   -1.2546727e-06     0.0014407006
           -0.835                0            -7.51    9.1837515e-05   -1.0707195e-06     0.0018362681
           -0.835                0            -5.84    7.6160992e-05    1.2537396e-07     0.0021825372
           -0.835                0            -4.17    4.0331201e-05   -4.6275636e-07      0.002410867
           -0.835                0             -2.5    3.3632264e-06   -9.1657812e-06     0.0025017262
           -0.835                0            -0.83   -4.0813913e-05    1.1830634e-05     0.0024217342
           -0.835                0             0.84    -7.198011e-05   -1.5965288e-06     0.0021677259
           -0.835                0             2.51   -9.4612646e-05    3.3588349e-06     0.0018249338
           -0.835                0             4.18   -0.00010238504    9.6651388e-07     0.0014382842
           -0.835                0             5.85   -9.5807329e-05   -3.8751205e-07     0.0010396434
           -0.835                0             7.52   -8.9669615e-05     1.913395e-07    0.00066441286
           -0.835                0             9.19   -8.1534148e-05   -9.2630034e-07    0.00032463134
           -0.835                0            10.86    -7.887026e-05    1.1272428e-07     2.246383e-06
            0.835                0           -15.86   -7.8847064e-05     3.422557e-07     2.074305e-06
            0.835                0           -14.19   -8.0499885e-05   -9.1231783e-07    0.00032534893
            0.835                0           -12.52    -9.055181e-05    1.4779107e-07    0.00066483719
            0.835                0           -10.85   -9.6211334e-05    1.2752622e-06     0.0010357975
            0.835                0            -9.18   -0.00010158319   -1.6597123e-06     0.0014409738
            0.835                0            -7.51   -9.5185933e-05   -6.6479424e-07     0.0018414457
            0.835                0            -5.84   -7.9068464e-05    1.5633918e-06     0.0021916742
            0.835                0            -4.17   -3.9931841e-05   -1.2715773e-06     0.0024236077
            0.835                0             -2.5    1.2987042e-06   -5.2586333e-06     0.0025099209
            0.835                0            -0.83    3.2215456e-05    1.8499375e-06     0.0024205823
            0.835                0             0.84    8.2084232e-05   -6.3882726e-07     0.0021860637
            0.835                0             2.51    8.9611873e-05    2.1660062e-06     0.0018468483
            0.835                0             4.18    9.8297234e-05    1.0301028e-06     0.0014428385
            0.835                0             5.85    9.7928933e-05   -1.7013682e-06     0.0010383867
            0.835                0             7.52    8.9724374e-05    1.3669087e-06    0.00067235064
            0.835                0             9.19    8.2563914e-05   -9.2486152e-07    0.00032769528
            0.835                0            10.86    7.8558412e-05   -6.7703127e-08    2.9397097e-06
            2.505                0           -15.86   -0.00023253917   -5.2691098e-07    6.8067902e-07
            2.505                0           -14.19   -0.00024577611    2.8061913e-07    0.00031697811
            2.505                0           -12.52    -0.0002674305    4.7998037e-07    0.00064827193
            2.505                0           -10.85   -0.00029403946   -1.7773364e-06     0.0010284516
            2.505                0            -9.18   -0.00031619275   -8.8506499e-07     0.0014411521
            2.505                0            -7.51     -0.000294464   -2.2969566e-06     0.0018747502
            2.505                0            -5.84   -0.00023930651    4.7845151e-07     0.0022344713
            2.505                0            -4.17    -0.0001209481    6.1906794e-06     0.0024762596
            2.505                0             -2.5    3.8422422e-07   -5.7055022e-06     0.0025789989
            2.505                0            -0.83    0.00011998232    -2.682134e-06     0.0024882201
            2.505                0             0.84    0.00022921502    7.3288784e-06     0.0022354655
            2.505                0             2.51    0.00029739237   -4.7684935e-06     0.0018706225
            2.505                0             4.18    0.00031208142    1.8935561e-06     0.0014387254
            2.505                0             5.85    0.00029460405    1.3071258e-06     0.0010208315
            2.505                0             7.52     0.0002641234    1.2496384e-06    0.00064750249
            2.505                0             9.19    0.00024622557   -2.2056315e-06    0.00031214789
            2.505                0            10.86    0.00023026401    8.9175921e-07    2.3898638e-06
            4.175                0           -15.86   -0.00037181066   -9.3565751e-07    3.4817049e-07
            4.175                0           -14.19   -0.00039401909   -4.7845833e-07    0.00030692745
            4.175                0           -12.52   -0.00043376244    9.3550079e-07    0.00060343684
            4.175                0           -10.85   -0.00050489022   -1.8590167e-06    0.00097942119
            4.175                0            -9.18   -0.00054668233    2.6422194e-06     0.0014188751
            4.175                0            -7.51   -0.00054701825   -6.1011515e-06     0.0019134628
            4.175                0            -5.84   -0.00040393445    9.3090994e-06     0.0023735454
            4.175                0            -4.17   -0.00022201482     1.760036e-07     0.0026380913
            4.175                0             -2.5    6.4967116e-07    -8.269281e-07     0.0027490209
            4.175                0            -0.83    0.00023919519    -3.318421e-06     0.0026495163
            4.175                0             0.84    0.00040266715    2.6422342e-06     0.0023912264
            4.175                0             2.51    0.00055262831    -2.711251e-06     0.0019202165
            4.175                0             4.18    0.00055098586    2.0310754e-06     0.0014242626
            4.175                0             5.85    0.00049773336    3.4567865e-06    0.00099393947
            4.175                0             7.52     0.0004392082   -7.1791465e-07    0.00061089621
            4.175                0             9.19    0.00039595159    1.1200609e-06    0.00029373838
            4.175                0            10.86    0.00036589641    1.2806958e-06    1.9302947e-06
            5.845                0           -15.86   -0.00049943099   -5.0225538e-08   -2.4727346e-06
            5.845                0           -14.19   -0.00052702607    1.7161165e-07    0.00025162962
            5.845                0           -12.52   -0.00058451324    2.2583208e-06    0.00053109031
            5.845                0           -10.85    -0.0006978258   -4.8073312e-06    0.00088953378
            5.845                0            -9.18   -0.00084742333    4.3511991e-06     0.0013506211
            5.845                0            -7.51   -0.00089531392   -1.7828393e-06       0.00198678
            5.845                0            -5.84   -0.00067804084     4.944106e-06       0.00263614
            5.845                0            -4.17   -0.00031132295    1.7590628e-06     0.0029671113
            5.845                0             -2.5    2.9325256e-06   -1.9341051e-06     0.0029980452
            5.845                0            -0.83    0.00030950576    3.3260421e-06     0.0029594568
            5.845                0             0.84    0.00072394591    8.2400184e-06     0.0026234314
            5.845                0             2.51    0.00088634191    2.1772985e-06     0.0019678352
            5.845                0             4.18    0.00084405823   -2.7196584e-06     0.0013727577
            5.845                0             5.85    0.00069025008   -4.7801495e-07    0.00087943551
            5.845                0             7.52    0.00058565062   -6.1671017e-08    0.00052582333
            5.845                0             9.19    0.00053114939    1.4928614e-06    0.00025245507
            5.845                0            10.86    0.00049727981   -5.7321381e-07   -8.7553303e-07
            7.515                0           -15.86   -0.00055783935     1.015095e-06   -2.0691373e-06
            7.515                0           -14.19   -0.00061744207   -3.5732082e-06    0.00019713557
            7.515                0           -12.52   -0.00070744124    9.9596764e-07     0.0004147882
            7.515                0           -10.85   -0.00089245831    6.2559593e-07    0.00073080999
            7.515                0            -9.18    -0.0011533187   -2.0044861e-06     0.0011720267
            7.515                0            -7.51    -0.0013937384    4.1562962e-06     0.0018972503
            7.515                0            -5.84    -0.0012081439   -7.6809665e-06     0.0032189738
            7.515                0            -4.17   -0.00026044043    4.0330692e-06     0.0033781591
            7.515                0             -2.5    2.5644027e-05   -2.3353023e-06     0.0030744793
            7.515                0            -0.83     0.0001099915   -6.1036983e-05     0.0035013615
            7.515                0             0.84     0.0011820658   -2.1166099e-05     0.0032944249
            7.515                0             2.51     0.0014448432    1.1461558e-05      0.001868289
            7.515                0             4.18     0.0011263296   -1.6411934e-05     0.0011585351
            7.515                0             5.85    0.00090748945   -5.8153128e-06    0.00069379306
            7.515                0             7.52    0.00069069641    5.2579744e-06    0.00041875997
            7.515                0             9.19    0.00062090834   -2.2068052e-06     0.0001732645
            7.515                0            10.86    0.00056224462   -3.6636305e-07   -8.8009074e-07
            9.185                0           -15.86   -0.00060276518    5.4078555e-06   -3.7548532e-06
            9.185                0           -14.19   -0.00065229472    -4.935282e-07     0.0001313057
            9.185                0           -12.52   -0.00074712205   -2.5524632e-06     0.0002734836
            9.185                0           -10.85    -0.0009910973   -2.4651608e-06    0.00046397469
            9.185                0            -9.18    -0.0013894991   -1.2848677e-06    0.00073565997
            9.185                0            -7.51    -0.0021948745    4.3524506e-07     0.0012368098
            9.185                0            -5.84    -0.0041930536    8.6464497e-05     0.0046234378
            9.185                0            -4.17     0.0024613757    4.7992626e-06     0.0048278798
            9.185                0             -2.5    -5.870279e-05   -1.1504597e-05      0.002103348
            9.185                0            -0.83    -0.0025087264    8.0704769e-05     0.0047992347
            9.185                0             0.84     0.0042558182   -0.00013881174     0.0046445923
            9.185                0             2.51     0.0023400788     7.211413e-06     0.0015967225
            9.185                0             4.18     0.0013596355    7.5565658e-06    0.00070892135
            9.185                0             5.85     0.0010218942    3.7637992e-06     0.0004621394
            9.185                0             7.52    0.00075036078    3.3061619e-06    0.00027078344
            9.185                0             9.19    0.00065749697   -3.2689059e-06    0.00013314476
            9.185                0            10.86    0.00059754483    2.6071671e-06     7.883686e-07
           10.855                0           -15.86   -0.00057725294    1.9420781e-06   -7.5428011e-07
           10.855                0           -14.19   -0.00063482311    1.0568929e-06    6.8464142e-05
           10.855                0           -12.52   -0.00073050277    6.2492941e-06    0.00011703021
           10.855                0           -10.85   -0.00094287028   -3.4941675e-06    0.00016594819
           10.855                0            -9.18    -0.0012682074   -2.0697148e-06    0.00017556523
           10.855                0            -7.51    -0.0019862712   -2.1584005e-05   -2.5285703e-05
           10.855                0            -5.84    -0.0041241474    4.8211103e-05    -0.0026108357
           10.855                0            -4.17     0.0024551647    -3.028084e-05    -0.0026483461
           10.855                0             -2.5    1.1513466e-06    1.9144614e-05   -0.00020887083
           10.855                0            -0.83    -0.0024676477   -5.0236463e-06    -0.0027056078
           10.855                0             0.84        0.0040149    2.1881093e-05    -0.0025921536
           10.855                0             2.51     0.0020178726   -7.0615279e-06   -4.5119697e-05
           10.855                0             4.18     0.0012339728    6.3850362e-06    0.00021115463
           10.855                0             5.85    0.00096955424   -5.0324888e-07    0.00019543944
           10.855                0             7.52     0.0007187252   -9.6109325e-06    0.00012030237
           10.855                0             9.19    0.00063386315   -1.2937271e-06     8.692484e-05
           10.855                0            10.86    0.00057866087    3.3418494e-06    1.5086306e-06
           12.525                0           -15.86   -0.00052890804   -9.3153801e-07    -7.398362e-07
           12.525                0           -14.19   -0.00057163183    7.1128005e-07    6.3849147e-06
           12.525                0           -12.52   -0.00063737802   -3.2769009e-07   -7.0434294e-06
           12.525                0           -10.85   -0.00076677196    1.7534558e-06    -6.306095e-05
           12.525                0            -9.18   -0.00098298816    6.1776423e-06   -0.00018426571
           12.525                0            -7.51    -0.0011749195    1.4884194e-05   -0.00053840003
           12.525                0            -5.84    -0.0010403011   -2.3063723e-05    -0.0012335478
           12.525                0            -4.17   -8.2747756e-05   -6.0044704e-07      -0.00136827
           12.525                0             -2.5   -2.1200596e-05   -2.9635747e-05    -0.0011844635
           12.525                0            -0.83    0.00016135024    4.5240358e-06    -0.0013826853
           12.525                0             0.84     0.0010028144    1.6489965e-05    -0.0011744205
           12.525                0             2.51     0.0012456673    3.3073118e-06   -0.00047189658
           12.525                0             4.18    0.00097509043   -5.7992215e-06    -0.0002015864
           12.525                0             5.85    0.00078454055   -3.5164699e-06   -7.4985452e-05
           12.525                0             7.52    0.00063906319    1.6879671e-06    -4.831606e-06
           12.525                0             9.19    0.00057796389   -9.5842552e-07    1.2794337e-05
           12.525                0            10.86     0.0005334242    2.8031316e-06   -2.2332633e-06
           14.195                0           -15.86   -0.00044631146   -1.4387102e-07   -1.5682567e-06
           14.195                0           -14.19    -0.0004667007   -1.0587592e-06   -4.5694422e-05
           14.195                0           -12.52   -0.00051575073   -4.5311203e-06   -7.7560821e-05
           14.195                0           -10.85   -0.00059238932    6.0344384e-08    -0.0001731868
           14.195                0            -9.18   -0.00064268883    -4.023319e-06   -0.00031307607
           14.195                0            -7.51   -0.00065571745   -7.8847806e-06   -0.00058304745
           14.195                0            -5.84   -0.00052730029   -1.0897929e-06   -0.00082327361
           14.195                0            -4.17   -0.00022120198   -4.8425891e-06   -0.00096351246
           14.195                0             -2.5   -4.3133332e-06    5.5412033e-06   -0.00093891268
           14.195                0            -0.83    0.00023164458    -4.889643e-07   -0.00095251948
           14.195                0             0.84    0.00052493415   -2.1546264e-06   -0.00083333784
           14.195                0             2.51    0.00071201101   -2.4660108e-06   -0.00056753354
           14.195                0             4.18    0.00064046576   -1.4003185e-06   -0.00031296245
           14.195                0             5.85    0.00058306631    4.3691575e-06   -0.00017966756
           14.195                0             7.52    0.00051258714     1.980563e-06   -8.7353699e-05
           14.195                0             9.19    0.00046970765   -2.6971545e-06   -4.7460897e-05
           14.195                0            10.86      0.000446502    1.7249603e-06   -2.8343811e-06
           15.865                0           -15.86   -0.00033876006    7.5328768e-07    1.4850374e-07
           15.865                0           -14.19   -0.00035331817    6.9245016e-07   -6.4392822e-05
           15.865                0           -12.52    -0.0003754661   -1.2281212e-06   -0.00013488985
           15.865                0           -10.85   -0.00040340907    6.6738767e-07    -0.0002328408
           15.865                0            -9.18    -0.0004277906   -6.7710585e-07   -0.00034551366
           15.865                0            -7.51   -0.00042172289   -8.1400412e-07   -0.00049753487
           15.865                0            -5.84   -0.00028975142    3.2403921e-06   -0.00065514271
           15.865                0            -4.17     -0.000168236    4.0425357e-07   -0.00074166985
           15.865                0             -2.5   -3.8625403e-06    3.7867494e-06   -0.00076155819
           15.865                0            -0.83    0.00017159432    4.4666654e-06   -0.00074084918
           15.865                0             0.84    0.00030652183   -4.3163612e-07   -0.00064517214
           15.865                0             2.51    0.00040505311   -5.3527856e-07   -0.00049937196
           15.865                0             4.18    0.00042383699    7.3124843e-06   -0.00035306517
           15.865                0             5.85    0.00040366355    -1.010676e-07   -0.00022638147
           15.865                0             7.52    0.00037161255   -3.5480716e-06   -0.00013382763
           15.865                0             9.19    0.00035386143    1.3634981e-06   -6.1018316e-05
           15.865                0            10.86    0.00033698761   -4.5869052e-07    7.4080469e-07
           17.535                0           -15.86   -0.00022722433   -2.8127545e-08   -1.5457141e-07
           17.535                0           -14.19   -0.00023358301    8.1980943e-08   -7.2887022e-05
           17.535                0           -12.52    -0.0002423815     7.682047e-07   -0.00014928375
           17.535                0           -10.85   -0.00024799633   -6.8610234e-07   -0.00023844867
           17.535                0            -9.18   -0.00025158352   -3.5157223e-07    -0.0003465004
           17.535                0            -7.51   -0.00022894342    1.4901859e-06   -0.00045382127
           17.535                0            -5.84   -0.00017145509   -1.7516079e-06   -0.00054698059
           17.535                0            -4.17   -9.6388831e-05    3.6957008e-06   -0.00060979946
           17.535                0             -2.5   -4.6580353e-06   -1.5421489e-07   -0.00063861225
           17.535                0            -0.83    8.5763648e-05    3.4079758e-06   -0.00060769171
           17.535                0             0.84    0.00017443432    1.5719916e-06   -0.00055070512
           17.535                0             2.51    0.00023179197   -2.7620865e-06   -0.00044967944
           17.535                0             4.18    0.00024857745   -5.0337358e-06   -0.00034190988
           17.535                0             5.85    0.00025218067   -2.3813659e-06    -0.0002411023
           17.535                0             7.52    0.00024260947    4.1597414e-06   -0.00014797716
           17.535                0             9.19      0.000233422    1.6743486e-06   -7.2329516e-05
           17.535                0            10.86    0.00022780224    -2.540329e-06     1.820909e-07
           19.205                0           -15.86   -0.00011389285   -1.9479462e-07     -5.71214e-07
           19.205                0           -14.19   -0.00011742314   -2.8798627e-07   -7.6417411e-05
           19.205                0           -12.52    -0.0001195273    3.7035807e-07   -0.00015796645
           19.205                0           -10.85   -0.00012114391   -1.4117772e-06   -0.00024598863
           19.205                0            -9.18   -0.00012020811   -3.5997732e-07   -0.00033574784
           19.205                0            -7.51   -0.00010221955   -7.7311597e-07   -0.00042993884
           19.205                0            -5.84   -8.7341316e-05   -6.3493371e-07   -0.00050111068
           19.205                0            -4.17   -3.9626069e-05    3.6085044e-07   -0.00055683055
           19.205                0             -2.5    1.7261514e-06   -1.8189139e-06   -0.00057153509
           19.205                0            -0.83    3.5006204e-05   -6.0425202e-07   -0.00055402686
           19.205                0             0.84    8.9154724e-05    9.9339923e-07   -0.00050354074
           19.205                0             2.51    0.00010103911   -1.4774241e-07    -0.0004289627
           19.205                0             4.18    0.00012136072   -3.8848066e-07   -0.00033608952
           19.205                0             5.85    0.00011956039    1.7066623e-06   -0.00024683465
           19.205                0             7.52    0.00011961141    7.9574625e-07    -0.0001573738
           19.205                0             9.19    0.00011578994    1.0471834e-06    -7.815579e-05
           19.205                0            10.86    0.00011441595   -1.0673559e-06   -3.7411581e-07
           20.875                0           -15.86   -2.0933419e-07    -1.341769e-07   -6.4016882e-07
           20.875                0           -14.19   -1.1388913e-07    5.3609841e-07   -8.0397513e-05
           20.875                0           -12.52    9.4913162e-09    6.2557694e-07   -0.00016193854
           20.875                0           -10.85    1.1596867e-07    6.6145952e-07   -0.00024667487
           20.875                0            -9.18    5.3514486e-07    6.6005782e-07   -0.00033221144
           20.875                0            -7.51    4.3901343e-07    3.6408701e-07   -0.00041111532
           20.875                0            -5.84    9.9475164e-07    4.5247219e-07   -0.00047468845
           20.875                0            -4.17    2.8342226e-06    5.2663455e-07   -0.00052105589
           20.875                0             -2.5    2.5580524e-08   -3.5209343e-06   -0.00052807888
           20.875                0            -0.83   -1.5338172e-06   -4.9304017e-06   -0.00052544131
           20.875                0             0.84   -1.0768584e-07   -3.8120975e-06   -0.00047704618
           20.875                0             2.51   -7.0224144e-07   -9.1883635e-07    -0.0004126601
           20.875                0             4.18   -8.4100651e-07    4.9584571e-07   -0.00033232747
           20.875                0             5.85    1.3914556e-07   -1.0071648e-06   -0.00024511563
           20.875                0             7.52    4.1206701e-07   -2.0717089e-06   -0.00016083468
           20.875                0             9.19    2.2813394e-07   -8.1404494e-07   -7.8975798e-05
           20.875                0            10.86   -4.3332298e-09   -2.7658646e-07   -5.8704023e-07
