                0          -15.435           -5.435   -1.4748526e-06   -9.7418124e-05    7.5431512e-05
                0          -13.965           -5.435    3.4065154e-06   -0.00043557395    6.9114605e-05
                0          -12.495           -5.435   -2.1199289e-06   -0.00078125991    7.1010858e-05
                0          -11.025           -5.435   -2.1084873e-06    -0.0010489017   -7.8008725e-07
                0           -9.555           -5.435   -8.7373792e-07    -0.0011697148   -3.7352303e-05
                0           -8.085           -5.435    2.9542443e-06     -0.001157181   -0.00013018839
                0           -6.615           -5.435    1.8917663e-06   -0.00094292953   -0.00013051718
                0           -5.145           -5.435     3.040301e-06   -0.00071348035   -0.00013424129
                0           -3.675           -5.435    1.1488596e-06   -0.00048692495   -0.00012123428
                0           -2.205           -5.435   -2.7466922e-07   -0.00028351662    -0.0001158086
                0           -0.735           -5.435   -4.7532012e-07   -9.2031616e-05   -0.00011177086
                0            0.735           -5.435   -3.9611223e-07    9.3857459e-05   -0.00011245445
                0            2.205           -5.435    2.0178995e-06    0.00028041608   -0.00011479358
                0            3.675           -5.435    1.9169111e-06    0.00049384008   -0.00012630677
                0            5.145           -5.435    2.9319431e-06    0.00070503389   -0.00012174432
                0            6.615           -5.435   -1.0376243e-06    0.00094007538   -0.00012670722
                0            8.085           -5.435   -1.0280138e-07     0.0011513744   -0.00011997548
                0            9.555           -5.435    2.5336685e-06     0.0012023178   -4.4496763e-05
                0           11.025           -5.435   -9.5916118e-07     0.0010740883   -1.7499835e-05
                0           12.495           -5.435    2.1160065e-06    0.00078692019    6.8608992e-05
                0           13.965           -5.435   -6.3772802e-07    0.00043454167    7.1332288e-05
                0           15.435           -5.435   -3.2615364e-07    9.9806668e-05    7.5545897e-05
                0          -15.435           -3.965   -6.8478221e-07   -9.5469964e-05    0.00032580979
                0          -13.965           -3.965   -4.0911436e-06   -0.00043348185    0.00032542821
                0          -12.495           -3.965    2.0575244e-06   -0.00083750556    0.00031408755
                0          -11.025           -3.965    1.3120256e-05    -0.0012352463    9.2741255e-05
                0           -9.555           -3.965   -2.6719608e-06    -0.0014279397   -0.00021823838
                0           -8.085           -3.965   -2.4278506e-06    -0.0012659337   -0.00056088401
                0           -6.615           -3.965     2.764049e-06   -0.00096833322   -0.00061323878
                0           -5.145           -3.965   -2.9347202e-06   -0.00068607496   -0.00058938318
                0           -3.675           -3.965     -1.84283e-06   -0.00045413047   -0.00052171049
                0           -2.205           -3.965   -1.4833313e-07   -0.00025681371   -0.00048130934
                0           -0.735           -3.965   -1.9100407e-06   -7.7783938e-05   -0.00046902135
                0            0.735           -3.965   -2.0572661e-06    8.7745342e-05   -0.00046272512
                0            2.205           -3.965   -4.4995613e-06    0.00025458002   -0.00047890481
                0            3.675           -3.965   -1.9327258e-06    0.00044345585   -0.00054372777
                0            5.145           -3.965    1.5640383e-06    0.00067337137   -0.00057443511
                0            6.615           -3.965    2.5866898e-06    0.00098730996   -0.00061419926
                0            8.085           -3.965     8.631896e-07     0.0012386471   -0.00054274709
                0            9.555           -3.965    8.4331759e-07     0.0014163803   -0.00021612216
                0           11.025           -3.965     8.702832e-06     0.0012419405    8.1995488e-05
                0           12.495           -3.965   -7.5273811e-06    0.00083855144    0.00032381288
                0           13.965           -3.965   -8.3227476e-08    0.00044842507    0.00033342341
                0           15.435           -3.965   -6.1655442e-08    9.7595082e-05    0.00032493204
                0          -15.435           -2.495   -4.0304981e-06   -9.1638729e-05    0.00055569177
                0          -13.965           -2.495   -2.1643782e-06   -0.00045859435    0.00062021794
                0          -12.495           -2.495    -7.255931e-06   -0.00089356332    0.00065675477
                0          -11.025           -2.495    1.2984583e-06    -0.0016870912    0.00036950823
                0           -9.555           -2.495    1.3171234e-05    -0.0020837882   -0.00058951275
                0           -8.085           -2.495   -9.6441699e-06    -0.0013971573    -0.0011263035
                0           -6.615           -2.495    7.1635877e-06   -0.00093578454    -0.0012159059
                0           -5.145           -2.495   -2.4542242e-06   -0.00058857922    -0.0010287957
                0           -3.675           -2.495    6.3660809e-07   -0.00038104501   -0.00090285117
                0           -2.205           -2.495    6.3359295e-07   -0.00020177578     -0.000798742
                0           -0.735           -2.495   -1.5592482e-06   -7.3040093e-05   -0.00076819962
                0            0.735           -2.495    6.8731788e-06      6.46689e-05   -0.00078354636
                0            2.205           -2.495    7.6935312e-06    0.00021651042   -0.00082770514
                0            3.675           -2.495    4.5895631e-06    0.00038524083   -0.00090597314
                0            5.145           -2.495    2.3710363e-06    0.00058883789    -0.0010550063
                0            6.615           -2.495    2.3293528e-06    0.00091106072    -0.0011623235
                0            8.085           -2.495    1.1077265e-06     0.0015433787    -0.0012205422
                0            9.555           -2.495    7.1657223e-06     0.0021277475   -0.00063939363
                0           11.025           -2.495   -3.9220322e-06     0.0016513718    0.00038948108
                0           12.495           -2.495   -6.8182089e-07    0.00089780102    0.00066159532
                0           13.965           -2.495     2.319073e-06    0.00045286166    0.00062174286
                0           15.435           -2.495    1.9108563e-06     9.419315e-05    0.00057241652
                0          -15.435           -1.025    -6.046479e-06   -2.8048518e-05    0.00074078568
                0          -13.965           -1.025    5.4699744e-06   -0.00023282066    0.00091848138
                0          -12.495           -1.025    -1.146193e-07   -0.00062016281     0.0013092738
                0          -11.025           -1.025     1.612764e-06    -0.0025267773     0.0019900778
                0           -9.555           -1.025    3.1633161e-05    -0.0041014324    -0.0019263418
                0           -8.085           -1.025   -2.0966601e-05    -0.0013026507    -0.0025574246
                0           -6.615           -1.025   -1.2718601e-08   -0.00059728581    -0.0018247417
                0           -5.145           -1.025    1.6259719e-07   -0.00037341414    -0.0013554451
                0           -3.675           -1.025   -3.4294212e-06   -0.00022573619    -0.0011762539
                0           -2.205           -1.025   -1.3797516e-06   -0.00013241096    -0.0010354678
                0           -0.735           -1.025    1.7235357e-06   -5.1269795e-05   -0.00098523032
                0            0.735           -1.025   -1.2042894e-05    5.2689611e-05    -0.0010038901
                0            2.205           -1.025   -1.5001769e-06    0.00013081447    -0.0010598872
                0            3.675           -1.025   -4.3039513e-06    0.00023046636     -0.001173981
                0            5.145           -1.025   -1.9965794e-06    0.00037809627     -0.001412963
                0            6.615           -1.025    1.8536604e-05     0.0005977964    -0.0018197616
                0            8.085           -1.025    5.3979129e-06     0.0013318044    -0.0025632281
                0            9.555           -1.025    -3.567927e-05     0.0037195587    -0.0018512311
                0           11.025           -1.025   -6.8261638e-06     0.0026009888     0.0020738572
                0           12.495           -1.025    2.9595994e-06    0.00064851524      0.001268129
                0           13.965           -1.025   -1.8514475e-06    0.00021192845    0.00092155405
                0           15.435           -1.025     5.968501e-07     3.324679e-05    0.00073444261
                0          -15.435            0.445   -4.4637322e-06   -5.9268041e-06    0.00079808314
                0          -13.965            0.445    1.1256319e-05    2.0434965e-05    0.00096823892
                0          -12.495            0.445   -2.1378311e-05    0.00018790674     0.0016141608
                0          -11.025            0.445    1.7316772e-05     0.0010730741     0.0029679856
                0           -9.555            0.445    0.00015618348      0.001721539    -0.0027171834
                0           -8.085            0.445    5.1578951e-05    0.00059180858    -0.0030897884
                0           -6.615            0.445    -3.690162e-05    8.9426154e-05    -0.0020530075
                0           -5.145            0.445   -1.3791736e-05   -2.9837454e-05    -0.0015350932
                0           -3.675            0.445   -1.3838429e-06   -5.4202694e-05    -0.0012922854
                0           -2.205            0.445   -1.3080798e-06   -3.5305216e-05    -0.0011603499
                0           -0.735            0.445    1.8612357e-06   -8.2295774e-06    -0.0011073153
                0            0.735            0.445     2.820962e-06    1.0577391e-05    -0.0011030543
                0            2.205            0.445   -9.1465728e-07    3.8178667e-05    -0.0011599371
                0            3.675            0.445   -9.1426315e-08    5.6863806e-05    -0.0012902883
                0            5.145            0.445    2.0912958e-06     4.391167e-05    -0.0015214753
                0            6.615            0.445   -7.9050933e-06   -4.7771315e-05    -0.0019830398
                0            8.085            0.445   -5.1967272e-06   -0.00062737957    -0.0031504082
                0            9.555            0.445     8.585647e-07    -0.0019286838    -0.0028909596
                0           11.025            0.445   -2.7725886e-05    -0.0011183706     0.0030600633
                0           12.495            0.445    5.1229716e-05   -0.00021773543     0.0014967741
                0           13.965            0.445    7.6651759e-07    1.9198289e-05     0.0010147165
                0           15.435            0.445   -3.6181191e-06    5.5769947e-06    0.00077387749
                0          -15.435            1.915    2.8617476e-06    4.7789603e-05    0.00074362929
                0          -13.965            1.915    5.1380005e-07    0.00021095315    0.00077363389
                0          -12.495            1.915   -1.8591255e-06    0.00059478352    0.00094540487
                0          -11.025            1.915    6.5958793e-06     0.0017046602    0.00082765659
                0           -9.555            1.915    1.9390023e-05     0.0023228237   -0.00098646933
                0           -8.085            1.915    1.6152495e-05     0.0010448366    -0.0017094498
                0           -6.615            1.915   -8.7939989e-06    0.00048132599    -0.0016395295
                0           -5.145            1.915    5.7551642e-06    0.00020417848    -0.0013618746
                0           -3.675            1.915    1.0645322e-06     7.635048e-05    -0.0012484005
                0           -2.205            1.915    1.5554956e-06    3.2157877e-05    -0.0011408238
                0           -0.735            1.915    1.3924648e-07    1.7018556e-05    -0.0011062807
                0            0.735            1.915   -5.2311684e-06   -1.2502282e-05    -0.0011156133
                0            2.205            1.915   -9.5610631e-07    -5.321205e-05    -0.0011609655
                0            3.675            1.915    9.1547372e-06   -0.00010361844    -0.0012495231
                0            5.145            1.915   -8.8014876e-06   -0.00021960013    -0.0014080694
                0            6.615            1.915    1.3458356e-05   -0.00048099918    -0.0015547972
                0            8.085            1.915    2.1958102e-05    -0.0012075275     -0.001802663
                0            9.555            1.915   -3.3972483e-05    -0.0022805114    -0.0012157257
                0           11.025            1.915   -1.1016318e-06    -0.0016835267     0.0007596825
                0           12.495            1.915    1.1668317e-05   -0.00062549673     0.0009581832
                0           13.965            1.915   -1.0352524e-05   -0.00022421552    0.00076921534
                0           15.435            1.915   -5.5330579e-06   -4.7659189e-05    0.00072653237
                0          -15.435            3.385    1.6916699e-06    5.7493045e-05    0.00058117259
                0          -13.965            3.385    2.7473848e-06    0.00027091758    0.00055637886
                0          -12.495            3.385    4.3759237e-06     0.0005619257    0.00047207085
                0          -11.025            3.385   -1.3018893e-05    0.00093855488    0.00016362729
                0           -9.555            3.385   -1.8460945e-05      0.001173355   -0.00045997353
                0           -8.085            3.385    4.2068564e-06    0.00088273187   -0.00097693061
                0           -6.615            3.385   -1.3327808e-06    0.00055584213    -0.0011167598
                0           -5.145            3.385   -2.6027683e-06     0.0003209408    -0.0011294719
                0           -3.675            3.385   -2.1557839e-06    0.00018257264    -0.0010881149
                0           -2.205            3.385     7.777341e-07    8.4134619e-05     -0.001055197
                0           -0.735            3.385    4.1942003e-06    2.6757962e-05    -0.0010433497
                0            0.735            3.385    5.6112613e-06   -2.8495773e-05    -0.0010428504
                0            2.205            3.385    4.8577999e-06   -8.3887571e-05    -0.0010547626
                0            3.675            3.385   -1.5165999e-06   -0.00017106799    -0.0010924722
                0            5.145            3.385   -2.1874973e-06   -0.00031472661     -0.001123785
                0            6.615            3.385    4.9160044e-06   -0.00055569981    -0.0011441661
                0            8.085            3.385   -5.2527348e-06   -0.00086438784   -0.00095184223
                0            9.555            3.385   -7.0692186e-06    -0.0011634546   -0.00041684328
                0           11.025            3.385   -3.3254539e-06    -0.0010187854    0.00015107746
                0           12.495            3.385    1.3079676e-05   -0.00057949289    0.00047229408
                0           13.965            3.385    -8.600133e-07   -0.00027535335    0.00056272699
                0           15.435            3.385   -1.7898076e-06   -5.2048956e-05    0.00057624781
                0          -15.435            4.855   -1.1125927e-06     5.450748e-05    0.00041844032
                0          -13.965            4.855   -5.1210367e-07    0.00022438675    0.00038178766
                0          -12.495            4.855   -3.6786801e-06    0.00040644407    0.00028370286
                0          -11.025            4.855    1.1766388e-06     0.0006032855     2.660539e-05
                0           -9.555            4.855      2.01087e-08    0.00064679177   -0.00026890516
                0           -8.085            4.855   -5.7350621e-06    0.00057744421   -0.00059052615
                0           -6.615            4.855   -6.9545058e-06     0.0004432399   -0.00076674018
                0           -5.145            4.855   -2.4205201e-06    0.00029849078   -0.00087990175
                0           -3.675            4.855    1.1877205e-06    0.00018003731   -0.00090467604
                0           -2.205            4.855    9.4252118e-07    9.1231406e-05    -0.0009185836
                0           -0.735            4.855     1.187213e-06    2.9879118e-05    -0.0009185354
                0            0.735            4.855    2.3446723e-06     -3.06414e-05   -0.00091973774
                0            2.205            4.855   -7.9823462e-07   -9.7806609e-05   -0.00092432287
                0            3.675            4.855   -3.1263262e-06   -0.00018218163   -0.00091256073
                0            5.145            4.855     5.267254e-06   -0.00029665037   -0.00086770474
                0            6.615            4.855   -3.7557706e-06   -0.00044726234   -0.00078481843
                0            8.085            4.855    3.6087131e-06    -0.0006197078    -0.0005862363
                0            9.555            4.855   -2.4735982e-09   -0.00068061874   -0.00026275936
                0           11.025            4.855    2.2345741e-06   -0.00059225422    3.2948592e-05
                0           12.495            4.855   -1.5552723e-06   -0.00040607178    0.00028282776
                0           13.965            4.855     -6.74842e-07   -0.00022256028    0.00038465796
                0           15.435            4.855   -8.4831277e-07   -5.5385695e-05    0.00042008254
                0          -15.435            6.325    4.8520014e-06    2.7649006e-05     0.0003075164
                0          -13.965            6.325   -1.3532162e-06    0.00013708527    0.00025744995
                0          -12.495            6.325    5.5418082e-07    0.00026337226    0.00017105653
                0          -11.025            6.325    2.6441819e-06    0.00036098735   -1.2810799e-05
                0           -9.555            6.325    1.9975987e-06    0.00039624161   -0.00022881187
                0           -8.085            6.325    4.4730787e-06    0.00038080505   -0.00042207693
                0           -6.615            6.325    9.3288527e-06    0.00032071141   -0.00057392241
                0           -5.145            6.325    2.7543924e-06    0.00022304204   -0.00069902418
                0           -3.675            6.325    2.9992543e-07     0.0001445471   -0.00075568625
                0           -2.205            6.325    4.4906983e-07    8.2611521e-05    -0.0007946582
                0           -0.735            6.325   -1.4699481e-06    2.6920965e-05   -0.00080318272
                0            0.735            6.325    -1.798544e-07   -3.0118557e-05   -0.00080608239
                0            2.205            6.325   -1.8297515e-06   -8.2969549e-05   -0.00079640921
                0            3.675            6.325   -6.2255376e-06   -0.00014877594   -0.00076290622
                0            5.145            6.325    4.7010766e-07   -0.00022977885   -0.00069055881
                0            6.615            6.325    1.2602379e-06   -0.00031037515   -0.00059367518
                0            8.085            6.325   -3.4050881e-06   -0.00038861044   -0.00041538681
                0            9.555            6.325   -1.8330072e-06     -0.000404224    -0.0002169115
                0           11.025            6.325    4.3785985e-07   -0.00036439666    1.0094387e-05
                0           12.495            6.325   -7.3669412e-08   -0.00026710457    0.00015998536
                0           13.965            6.325    9.5628798e-07   -0.00014768324    0.00026029127
                0           15.435            6.325   -4.1002039e-07   -2.9313047e-05    0.00030719675
                0          -15.435            7.795   -8.1376106e-07    2.0520765e-05    0.00024128181
                0          -13.965            7.795    2.9390449e-06    8.5272972e-05    0.00018541972
                0          -12.495            7.795    1.4500664e-06    0.00014223754    0.00011512958
                0          -11.025            7.795   -4.5717179e-06    0.00019051298   -1.5770787e-05
                0           -9.555            7.795   -6.1723335e-06    0.00022109752   -0.00017616086
                0           -8.085            7.795   -5.7529087e-06     0.0002101008   -0.00034317913
                0           -6.615            7.795   -3.2233193e-06    0.00016665827   -0.00046855336
                0           -5.145            7.795   -6.9663565e-06    0.00013971857   -0.00057673367
                0           -3.675            7.795   -3.5773253e-06    9.3119088e-05   -0.00065039156
                0           -2.205            7.795   -2.9349621e-07    5.2163115e-05   -0.00069966901
                0           -0.735            7.795      -1.3434e-06    1.4679616e-05    -0.0007149966
                0            0.735            7.795   -6.4530548e-07    -1.552826e-05   -0.00071644114
                0            2.205            7.795    2.0115217e-06   -4.8493232e-05   -0.00069465343
                0            3.675            7.795    7.4674854e-06   -8.5328043e-05   -0.00064558513
                0            5.145            7.795    2.2278543e-06    -0.0001324201    -0.0005728231
                0            6.615            7.795   -2.9443449e-06   -0.00018080234   -0.00047853441
                0            8.085            7.795   -2.3570676e-06   -0.00020188541   -0.00032645231
                0            9.555            7.795    3.8924622e-07   -0.00020233303    -0.0001695409
                0           11.025            7.795    5.9980442e-07   -0.00019410517    -1.846068e-05
                0           12.495            7.795   -3.0837765e-07   -0.00014057262    0.00010316446
                0           13.965            7.795      4.16392e-07   -8.2003047e-05    0.00019881137
                0           15.435            7.795    2.9807018e-07   -1.9512985e-05    0.00023525991
                0          -15.435            9.265   -6.8966901e-06   -3.4435454e-06    0.00020125319
                0          -13.965            9.265    2.3596021e-06     2.564918e-05    0.00015628937
                0          -12.495            9.265    2.0973596e-06    5.0066657e-05    9.5596886e-05
                0          -11.025            9.265    3.1267291e-06    5.7537789e-05   -2.3321893e-05
                0           -9.555            9.265   -1.6604191e-06    6.5621069e-05   -0.00015532387
                0           -8.085            9.265   -5.4032798e-06    5.8940816e-05   -0.00028934114
                0           -6.615            9.265   -4.9972928e-06     5.179756e-05    -0.0004226928
                0           -5.145            9.265   -3.7449836e-06     4.303467e-05   -0.00053166063
                0           -3.675            9.265   -3.5509297e-06    3.4629869e-05   -0.00059680286
                0           -2.205            9.265    2.9030552e-06    1.4134189e-05   -0.00065223878
                0           -0.735            9.265    3.0294793e-06    8.5687343e-06   -0.00067261269
                0            0.735            9.265    4.2878301e-06   -2.2655984e-06   -0.00067833875
                0            2.205            9.265    4.3604532e-06   -2.2698201e-05   -0.00065664266
                0            3.675            9.265   -5.3410076e-06   -3.4095843e-05   -0.00059517898
                0            5.145            9.265   -6.3349999e-06   -4.5774865e-05   -0.00051916111
                0            6.615            9.265    1.7744096e-06    -5.939863e-05   -0.00044237653
                0            8.085            9.265    9.8168289e-07   -6.8155707e-05   -0.00030161237
                0            9.555            9.265    7.8305209e-07   -6.6394867e-05   -0.00015751972
                0           11.025            9.265    9.1899517e-07   -6.2948209e-05   -1.8935752e-05
                0           12.495            9.265    8.5925774e-07   -5.5363438e-05    8.3345454e-05
                0           13.965            9.265   -1.1032022e-06   -2.9628285e-05    0.00016683916
                0           15.435            9.265    1.2546685e-06   -4.3747978e-06    0.00019466155
                0          -15.435           10.735    5.4203406e-06   -3.2750067e-06    0.00020880601
                0          -13.965           10.735    7.8572612e-07   -2.2631102e-05    0.00015848415
                0          -12.495           10.735   -5.1009247e-06   -4.5960325e-05    8.8722816e-05
                0          -11.025           10.735   -4.8306279e-06   -5.9456324e-05   -2.0598007e-05
                0           -9.555           10.735    4.0223422e-06   -6.8521782e-05   -0.00015476186
                0           -8.085           10.735    6.2291851e-06   -6.3550513e-05    -0.0002935399
                0           -6.615           10.735    6.6674202e-06   -5.3435655e-05   -0.00041502368
                0           -5.145           10.735    9.2558957e-06   -5.4585165e-05   -0.00052031141
                0           -3.675           10.735    3.3901988e-06   -3.7071088e-05   -0.00060183898
                0           -2.205           10.735   -9.6703457e-07    -1.666895e-05   -0.00066923373
                0           -0.735           10.735   -1.6197592e-06      1.38109e-06   -0.00067045324
                0            0.735           10.735    1.5076971e-06    1.1755003e-05   -0.00066539389
                0            2.205           10.735     3.168549e-06    1.2875444e-05   -0.00064484857
                0            3.675           10.735    2.9328423e-06    3.1084219e-05   -0.00059749285
                0            5.145           10.735    2.8389006e-06    5.3203745e-05   -0.00052060647
                0            6.615           10.735    5.4439688e-06    5.9219718e-05   -0.00042617816
                0            8.085           10.735    5.2477135e-06    5.9451246e-05   -0.00029697499
                0            9.555           10.735    3.5260612e-06    6.5306929e-05   -0.00015934953
                0           11.025           10.735     3.333877e-06    6.1034545e-05   -1.8888262e-05
                0           12.495           10.735    1.5611682e-06    4.4027172e-05    9.1779555e-05
                0           13.965           10.735      1.74709e-06    2.8871516e-05    0.00016010184
                0           15.435           10.735   -5.2086966e-06    1.8712776e-06    0.00020127317
                0          -15.435           12.205   -2.9337746e-06   -1.6718017e-05    0.00023173339
                0          -13.965           12.205    1.2512152e-07   -8.1162885e-05    0.00018016824
                0          -12.495           12.205   -1.7314227e-07      -0.00014003    9.9227764e-05
                0          -11.025           12.205    -3.036962e-08   -0.00019482472   -1.0236356e-05
                0           -9.555           12.205    1.0823169e-06   -0.00021575628   -0.00017493685
                0           -8.085           12.205     1.841692e-06     -0.000203084   -0.00033065185
                0           -6.615           12.205   -3.9920856e-06    -0.0001822444   -0.00046413523
                0           -5.145           12.205   -8.1851413e-06   -0.00012859043   -0.00057119207
                0           -3.675           12.205    1.4638717e-06   -8.2565661e-05   -0.00065487035
                0           -2.205           12.205   -7.7608227e-08   -5.1236209e-05   -0.00072696072
                0           -0.735           12.205   -1.2368625e-06    -2.398329e-05   -0.00072490878
                0            0.735           12.205   -2.6387295e-06    1.1602157e-05   -0.00071576738
                0            2.205           12.205    -3.714774e-06    5.8122423e-05   -0.00070122269
                0            3.675           12.205   -5.4328962e-07     9.307226e-05    -0.0006574369
                0            5.145           12.205   -1.2804139e-07    0.00012922508   -0.00057733041
                0            6.615           12.205   -4.7001263e-06    0.00017033792   -0.00046273723
                0            8.085           12.205    1.5646426e-06    0.00020683091   -0.00032581936
                0            9.555           12.205     1.577705e-06    0.00021921017   -0.00017597857
                0           11.025           12.205     1.914746e-06    0.00019504633   -1.3846028e-05
                0           12.495           12.205   -1.1644283e-07    0.00014713519    0.00011443123
                0           13.965           12.205    2.5265558e-07    8.2446757e-05    0.00018793262
                0           15.435           12.205    1.5236326e-07    1.7012542e-05    0.00023043914
                0          -15.435           13.675   -3.7378102e-06   -3.3794349e-05    0.00031195601
                0          -13.965           13.675    1.6026005e-06    -0.0001514772    0.00025966848
                0          -12.495           13.675    3.5506278e-06   -0.00025313415    0.00016813615
                0          -11.025           13.675     -1.64927e-06   -0.00035353308    1.1498949e-05
                0           -9.555           13.675    4.1681897e-06   -0.00041126879   -0.00023613764
                0           -8.085           13.675   -3.9155334e-06    -0.0003876792   -0.00041778653
                0           -6.615           13.675   -4.7539897e-06   -0.00031563017   -0.00058756105
                0           -5.145           13.675   -2.8202976e-06   -0.00022014533    -0.0007074076
                0           -3.675           13.675   -3.9669671e-06   -0.00014433032   -0.00075098249
                0           -2.205           13.675   -1.6078836e-07   -8.4305953e-05   -0.00079476758
                0           -0.735           13.675    1.1526831e-06   -2.6829031e-05   -0.00080387952
                0            0.735           13.675    2.1808182e-06    2.7480854e-05   -0.00080630439
                0            2.205           13.675   -2.1373853e-06     8.262309e-05   -0.00079705735
                0            3.675           13.675   -3.5713517e-06    0.00014316225   -0.00075891922
                0            5.145           13.675   -3.8830194e-06    0.00020644325   -0.00068463024
                0            6.615           13.675   -4.5003376e-06     0.0003081644   -0.00061872823
                0            8.085           13.675   -5.1262878e-06    0.00039631737   -0.00040486534
                0            9.555           13.675   -4.5545594e-06    0.00040741992   -0.00021508327
                0           11.025           13.675    5.3582744e-07     0.0003573522   -4.6653913e-06
                0           12.495           13.675   -2.1655248e-06    0.00025836632    0.00015891269
                0           13.965           13.675   -1.0504091e-06    0.00014033834    0.00025531341
                0           15.435           13.675    6.1634109e-06    3.3585286e-05    0.00031296513
                0          -15.435           15.145   -1.2849143e-06   -3.9474362e-05     0.0004101056
                0          -13.965           15.145    3.7998257e-07   -0.00021328198     0.0003805079
                0          -12.495           15.145   -4.2085212e-06   -0.00041762617    0.00026819468
                0          -11.025           15.145   -2.5812587e-06   -0.00059997092    6.3808548e-05
                0           -9.555           15.145    6.5059025e-06   -0.00064447394   -0.00027087808
                0           -8.085           15.145   -1.2486748e-07   -0.00059346826   -0.00059016014
                0           -6.615           15.145      3.18504e-06   -0.00042932222   -0.00076606078
                0           -5.145           15.145    1.7755006e-06   -0.00029348274   -0.00088453898
                0           -3.675           15.145    1.6570673e-06   -0.00018781424   -0.00091288955
                0           -2.205           15.145    1.2656611e-06   -9.2888244e-05   -0.00092114642
                0           -0.735           15.145    1.8255014e-07   -2.9891535e-05   -0.00092176715
                0            0.735           15.145   -1.9207851e-06    3.1975003e-05   -0.00092252309
                0            2.205           15.145   -1.7101024e-06    9.6828531e-05   -0.00091632851
                0            3.675           15.145    5.6823865e-07    0.00018207889   -0.00090864272
                0            5.145           15.145     2.115783e-06    0.00031029177   -0.00087331078
                0            6.615           15.145   -1.7289904e-06    0.00044910391   -0.00081931858
                0            8.085           15.145   -4.9348564e-06    0.00056868821   -0.00058394915
                0            9.555           15.145   -1.6184526e-06    0.00067198207   -0.00026452626
                0           11.025           15.145    5.8064857e-06     0.0005992644    4.3371791e-05
                0           12.495           15.145   -1.0695614e-06    0.00041364785    0.00026825222
                0           13.965           15.145   -2.6289613e-06    0.00021675609    0.00037860789
                0           15.435           15.145    1.1201472e-06    4.2019459e-05    0.00041222831
                0          -15.435           16.615    7.2584754e-07    -5.011195e-05    0.00057057024
                0          -13.965           16.615    3.7458847e-07   -0.00027831807    0.00057300262
                0          -12.495           16.615    7.0488099e-06   -0.00056856533    0.00047934498
                0          -11.025           16.615   -7.9641977e-06   -0.00095824897    0.00014372701
                0           -9.555           16.615   -1.5335318e-06    -0.0011771122   -0.00041306138
                0           -8.085           16.615    5.8141732e-06   -0.00089469831    -0.0010106288
                0           -6.615           16.615   -2.6286305e-06   -0.00055104512    -0.0011175727
                0           -5.145           16.615    1.1755733e-06   -0.00030266374    -0.0011250591
                0           -3.675           16.615   -1.3318868e-06   -0.00017452423    -0.0010769878
                0           -2.205           16.615   -8.2457245e-07   -8.5362473e-05    -0.0010516915
                0           -0.735           16.615    1.1481591e-06   -2.7032524e-05    -0.0010364689
                0            0.735           16.615     1.043495e-06    2.6050151e-05    -0.0010326757
                0            2.205           16.615    6.4491314e-07     8.131074e-05     -0.001045777
                0            3.675           16.615   -4.0408063e-06    0.00017420361    -0.0010966642
                0            5.145           16.615    1.2297519e-06     0.0003231093    -0.0011179566
                0            6.615           16.615    7.6992101e-06    0.00054336956     -0.001095964
                0            8.085           16.615    2.0147225e-05    0.00090884481   -0.00090883358
                0            9.555           16.615   -1.1895131e-06     0.0011414911    -0.0005011381
                0           11.025           16.615   -8.1362177e-06    0.00097050372    0.00017392258
                0           12.495           16.615    7.1361878e-06    0.00057336263    0.00048484266
                0           13.965           16.615   -1.1560169e-06    0.00027432863    0.00058167614
                0           15.435           16.615    6.4270023e-07    5.0763392e-05    0.00057508063
                0          -15.435           18.085    1.4831542e-06   -4.8061713e-05    0.00072648108
                0          -13.965           18.085    1.0208862e-06   -0.00021645211     0.0008035737
                0          -12.495           18.085   -1.1891857e-06   -0.00062558881    0.00093218335
                0          -11.025           18.085    1.6534016e-06    -0.0018014633    0.00087428244
                0           -9.555           18.085    4.7181966e-06    -0.0023284545    -0.0010923808
                0           -8.085           18.085    4.3386353e-07    -0.0011376855    -0.0017636686
                0           -6.615           18.085    1.4172488e-05   -0.00059019815    -0.0015943266
                0           -5.145           18.085   -5.7545531e-06   -0.00022483424     -0.001397259
                0           -3.675           18.085    5.8847741e-06   -0.00010494306    -0.0012509836
                0           -2.205           18.085    5.3279073e-06   -3.8656435e-05    -0.0011649909
                0           -0.735           18.085    1.2624287e-07   -1.3436296e-05    -0.0011255522
                0            0.735           18.085    -2.064744e-06    9.9690878e-06    -0.0011227352
                0            2.205           18.085    2.5063341e-06    4.1817948e-05    -0.0011586277
                0            3.675           18.085    8.4766316e-07    9.7987046e-05    -0.0012564061
                0            5.145           18.085   -1.1632474e-05    0.00023147573    -0.0013698188
                0            6.615           18.085   -1.1748129e-05    0.00047052299    -0.0016008401
                0            8.085           18.085   -2.6912317e-05    0.00099873228    -0.0016379692
                0            9.555           18.085    1.0880049e-05     0.0023711349   -0.00069650129
                0           11.025           18.085    6.0757247e-06     0.0017470046    0.00063307746
                0           12.495           18.085    7.1170311e-06    0.00059065252    0.00095420517
                0           13.965           18.085   -8.9888754e-06    0.00024303187     0.0007807255
                0           15.435           18.085    7.4357908e-06    5.2554049e-05    0.00073681516
                0          -15.435           19.555   -1.6643443e-06    1.7789927e-05    0.00081047288
                0          -13.965           19.555    -1.276172e-05   -3.4169752e-05    0.00096028624
                0          -12.495           19.555    2.1150048e-05   -0.00010577551     0.0016407693
                0          -11.025           19.555   -3.5564302e-05    -0.0010997882      0.002879936
                0           -9.555           19.555   -5.0670249e-05    -0.0016463968     -0.002709612
                0           -8.085           19.555   -3.1437976e-05   -0.00065606122    -0.0031234152
                0           -6.615           19.555   -1.4331278e-05    4.2708692e-05    -0.0020220925
                0           -5.145           19.555   -5.6746103e-06    2.8018103e-05    -0.0015063197
                0           -3.675           19.555   -3.8928392e-06     5.888371e-05    -0.0012765195
                0           -2.205           19.555    1.7697653e-06    4.0870924e-05    -0.0011697859
                0           -0.735           19.555    1.2676423e-05    4.4687858e-06    -0.0010890941
                0            0.735           19.555   -4.9612781e-06   -7.4909385e-06    -0.0011030727
                0            2.205           19.555    -5.174315e-06   -4.3905649e-05    -0.0011614341
                0            3.675           19.555    8.1292064e-06   -3.8431888e-05    -0.0012936896
                0            5.145           19.555    1.2271903e-05   -3.7190897e-05    -0.0015412174
                0            6.615           19.555    8.5557549e-06    8.3148247e-05    -0.0020070651
                0            8.085           19.555   -4.2336524e-06    0.00065785402    -0.0032814757
                0            9.555           19.555   -1.2662915e-05      0.001938786    -0.0028867554
                0           11.025           19.555   -1.0216321e-05     0.0011851755       0.00281895
                0           12.495           19.555    8.6513573e-06    0.00029448498     0.0016251203
                0           13.965           19.555   -7.7791665e-06   -1.3092206e-06    0.00096932397
                0           15.435           19.555   -7.3788351e-07   -1.3855635e-05    0.00079300255
                0          -15.435           21.025    5.6941335e-06    4.4368262e-05    0.00073997542
                0          -13.965           21.025    6.1788073e-06    0.00024072312    0.00094425608
                0          -12.495           21.025    9.8149048e-06    0.00060989731     0.0012079729
                0          -11.025           21.025   -2.6133979e-05     0.0024529451     0.0021777451
                0           -9.555           21.025   -2.1120262e-05     0.0040816437    -0.0020018888
                0           -8.085           21.025    7.8698386e-06     0.0012799785    -0.0025009734
                0           -6.615           21.025    1.0069855e-05    0.00060776656      -0.00182573
                0           -5.145           21.025    6.1224227e-06    0.00039563241    -0.0013958439
                0           -3.675           21.025    1.1410346e-05    0.00021940483    -0.0011662795
                0           -2.205           21.025    7.1335944e-06    0.00011746564    -0.0010713239
                0           -0.735           21.025    4.6338691e-06    3.9110186e-05    -0.0010045368
                0            0.735           21.025    8.5643769e-06   -3.6778969e-05    -0.0010004325
                0            2.205           21.025    8.1409098e-06   -0.00012653098    -0.0010546062
                0            3.675           21.025   -9.4167981e-06   -0.00024327269    -0.0011818605
                0            5.145           21.025   -4.1344233e-06   -0.00037974873     -0.001413078
                0            6.615           21.025   -3.1193222e-06   -0.00064304122    -0.0017724584
                0            8.085           21.025    4.2167994e-07    -0.0013176691     -0.002641337
                0            9.555           21.025   -8.1172466e-06    -0.0038101203     -0.001824572
                0           11.025           21.025    3.4319585e-06    -0.0023954322     0.0020750014
                0           12.495           21.025    1.9867548e-05   -0.00067769777     0.0013052048
                0           13.965           21.025    8.8667111e-06   -0.00023725652    0.00090782455
                0           15.435           21.025   -8.7505496e-06   -3.7488528e-05     0.0007437084
                0          -15.435           22.495   -1.0225425e-06    8.9760993e-05    0.00055621483
                0          -13.965           22.495   -1.2924238e-06    0.00045129139    0.00061860256
                0          -12.495           22.495    1.4088473e-06    0.00088934635    0.00066178729
                0          -11.025           22.495    7.5915659e-07     0.0016581181    0.00045657298
                0           -9.555           22.495    7.0777824e-06      0.002050085   -0.00063179736
                0           -8.085           22.495    1.1065858e-06     0.0014737005     -0.001179832
                0           -6.615           22.495    1.4103589e-06    0.00093962537    -0.0011743782
                0           -5.145           22.495    -2.630466e-06    0.00059574971    -0.0010390498
                0           -3.675           22.495   -2.5502427e-06    0.00036317366   -0.00089104421
                0           -2.205           22.495   -4.0707473e-06     0.0002190485   -0.00081527489
                0           -0.735           22.495   -7.1723721e-06    7.8213641e-05   -0.00077112613
                0            0.735           22.495   -9.2556875e-06   -7.2925257e-05   -0.00076109759
                0            2.205           22.495   -7.8501434e-06   -0.00022361703   -0.00082433934
                0            3.675           22.495    7.3647925e-07   -0.00037538874   -0.00091572944
                0            5.145           22.495    -4.491425e-06   -0.00059430097    -0.0010270954
                0            6.615           22.495   -2.1715575e-06   -0.00091912254    -0.0012092394
                0            8.085           22.495    2.0126059e-05    -0.0014075047    -0.0011927492
                0            9.555           22.495    5.8660098e-06    -0.0021319988   -0.00065477571
                0           11.025           22.495    -1.396459e-05    -0.0018245011    0.00037830442
                0           12.495           22.495   -8.1346871e-06   -0.00085705903    0.00065096217
                0           13.965           22.495    8.9207788e-09   -0.00043444309    0.00061990361
                0           15.435           22.495   -5.5069986e-06   -9.5939249e-05    0.00057060557
                0          -15.435           23.965   -2.1191645e-06    9.1754999e-05    0.00032167736
                0          -13.965           23.965   -5.3259819e-06    0.00042856197    0.00032164252
                0          -12.495           23.965     4.181119e-06      0.000833684    0.00032481048
                0          -11.025           23.965    1.7902543e-05     0.0012415259    8.9874455e-05
                0           -9.555           23.965   -5.7372199e-06     0.0014374808   -0.00022687463
                0           -8.085           23.965   -3.5285666e-07     0.0012389844   -0.00053244899
                0           -6.615           23.965   -1.2110265e-06    0.00097174384    -0.0006347989
                0           -5.145           23.965   -1.9786471e-06     0.0006749134   -0.00057934521
                0           -3.675           23.965   -1.1731026e-06    0.00044462195   -0.00051172933
                0           -2.205           23.965    1.7841685e-06     0.0002574005   -0.00049146544
                0           -0.735           23.965    2.4715973e-06    8.1591133e-05   -0.00046591152
                0            0.735           23.965    2.3577827e-06    -8.537461e-05   -0.00044892248
                0            2.205           23.965    1.1626798e-06   -0.00025269057   -0.00048131414
                0            3.675           23.965   -1.5863898e-06   -0.00044924027   -0.00053180993
                0            5.145           23.965   -1.5570822e-07   -0.00067690946   -0.00058426237
                0            6.615           23.965   -6.3619154e-07    -0.0009652935    -0.0006090313
                0            8.085           23.965   -3.0630094e-06     -0.001265126   -0.00051153137
                0            9.555           23.965   -4.5255383e-06    -0.0013978739   -0.00023614787
                0           11.025           23.965   -8.0698355e-06      -0.00126651    9.8397068e-05
                0           12.495           23.965   -1.4785855e-06   -0.00082986458    0.00032187477
                0           13.965           23.965    1.4566956e-06   -0.00045106708    0.00032595129
                0           15.435           23.965   -1.3563313e-06   -9.3424205e-05    0.00032384603
                0          -15.435           25.435    1.4592224e-06    9.6415271e-05     7.421452e-05
                0          -13.965           25.435   -9.9541649e-07    0.00043278749    6.9117945e-05
                0          -12.495           25.435   -6.1407087e-07    0.00077493151    6.7519642e-05
                0          -11.025           25.435   -6.9277417e-06     0.0010665611   -2.1527256e-05
                0           -9.555           25.435   -3.1039822e-06     0.0011959739    -4.715646e-05
                0           -8.085           25.435    1.5830971e-06     0.0011606306    -0.0001182065
                0           -6.615           25.435    -2.773271e-07     0.0009393933   -0.00013496638
                0           -5.145           25.435    8.1225426e-07     0.0007036922   -0.00012752404
                0           -3.675           25.435    2.3724169e-08    0.00048959086   -0.00012086616
                0           -2.205           25.435    2.8219035e-06    0.00027581965   -0.00012073661
                0           -0.735           25.435    1.1942748e-06    9.0661008e-05   -0.00011110715
                0            0.735           25.435    4.5001361e-06   -9.3412847e-05   -0.00011276241
                0            2.205           25.435    2.2595618e-06   -0.00027829746   -0.00011972848
                0            3.675           25.435    6.0728496e-08     -0.000493965   -0.00012719631
                0            5.145           25.435    1.1530507e-06   -0.00071322301   -0.00013594428
                0            6.615           25.435   -9.1632864e-07   -0.00094943494     -0.000127545
                0            8.085           25.435    3.5310341e-06     -0.001146925   -0.00011780478
                0            9.555           25.435    2.9142211e-06    -0.0011685031   -4.9139227e-05
                0           11.025           25.435    8.6884347e-06    -0.0010532499   -9.0482608e-06
                0           12.495           25.435    6.8961363e-06   -0.00078133302    7.7574856e-05
                0           13.965           25.435   -5.7873149e-07   -0.00043561758    6.8373251e-05
                0           15.435           25.435   -1.8682574e-07   -9.6498872e-05    7.5703239e-05
