          -20.355                0          -20.045    3.0363421e-05   -1.7028299e-08   -3.1447784e-05
          -20.355                0          -18.275    3.0498421e-05    3.2432808e-07   -0.00010059009
          -20.355                0          -16.505     3.046209e-05    5.0695292e-07   -0.00017146501
          -20.355                0          -14.735    2.9989091e-05    7.1948125e-07   -0.00024426877
          -20.355                0          -12.965    2.2418795e-05    8.2419183e-07   -0.00031735603
          -20.355                0          -11.195    2.0639138e-05    8.4198291e-08   -0.00036920217
          -20.355                0           -9.425    1.6085769e-05   -6.6379147e-07   -0.00041191172
          -20.355                0           -7.655    5.8632399e-06   -4.2222896e-07   -0.00043159226
          -20.355                0           -5.885    3.8852154e-06    4.1153595e-07   -0.00044195115
          -20.355                0           -4.115   -4.2539687e-06    4.5515978e-07   -0.00044217272
          -20.355                0           -2.345   -6.4761334e-06    2.4619646e-07   -0.00043089507
          -20.355                0           -0.575   -1.3289422e-05   -2.0658595e-06   -0.00041258108
          -20.355                0            1.195   -2.0495943e-05    3.7974246e-07   -0.00036847312
          -20.355                0            2.965   -2.3473895e-05    7.2217688e-07   -0.00031549085
          -20.355                0            4.735    -3.026119e-05    2.9404714e-07   -0.00024406356
          -20.355                0            6.505   -3.0606203e-05    2.1074072e-08   -0.00017142197
          -20.355                0            8.275   -3.0284102e-05    1.0895747e-09   -0.00010022415
          -20.355                0           10.045   -3.0162653e-05   -8.0599989e-08   -3.1112446e-05
          -18.585                0          -20.045    0.00013142845      2.00057e-08   -3.0122403e-05
          -18.585                0          -18.275    0.00013400553    1.6629519e-07   -9.7083437e-05
          -18.585                0          -16.505    0.00013698603    -7.054112e-07   -0.00017023146
          -18.585                0          -14.735    0.00013769383    9.4045708e-07   -0.00024741676
          -18.585                0          -12.965    0.00012024381   -1.0159088e-06   -0.00032745634
          -18.585                0          -11.195    9.7236552e-05    8.2829933e-07   -0.00039046776
          -18.585                0           -9.425    5.6767956e-05    1.2307843e-06   -0.00043416937
          -18.585                0           -7.655    2.4854242e-05    1.7658118e-06   -0.00044780385
          -18.585                0           -5.885    9.3422495e-06    3.4701088e-07   -0.00045271398
          -18.585                0           -4.115   -8.7811268e-06    6.2328382e-09   -0.00045351367
          -18.585                0           -2.345   -2.5260157e-05    5.2747862e-07   -0.00044884131
          -18.585                0           -0.575   -5.8119917e-05    5.8814908e-07   -0.00043433422
          -18.585                0            1.195   -9.3762603e-05    5.5638515e-07    -0.0003939633
          -18.585                0            2.965   -0.00012079188   -7.6680539e-07    -0.0003270538
          -18.585                0            4.735   -0.00013671411     -7.18921e-07   -0.00024878792
          -18.585                0            6.505    -0.0001371016   -5.3562826e-07   -0.00017165139
          -18.585                0            8.275    -0.0001333839    4.2463168e-07   -9.8538825e-05
          -18.585                0           10.045   -0.00013070455    8.1749499e-07   -3.0854077e-05
          -16.815                0          -20.045    0.00023184433    1.7407092e-07   -2.8334232e-05
          -16.815                0          -18.275    0.00023895348    5.3136591e-07   -8.9354959e-05
          -16.815                0          -16.505     0.0002520078   -3.9020597e-07   -0.00016689464
          -16.815                0          -14.735    0.00026124541    -1.610887e-06   -0.00025368659
          -16.815                0          -12.965    0.00024561543   -3.0071003e-06   -0.00034831773
          -16.815                0          -11.195    0.00017489115   -1.6890199e-06   -0.00044070344
          -16.815                0           -9.425    9.5571624e-05   -2.1576504e-06   -0.00048224084
          -16.815                0           -7.655    3.3103832e-05    3.6498707e-06   -0.00049667573
          -16.815                0           -5.885    1.2389876e-05   -7.4179894e-08   -0.00045773221
          -16.815                0           -4.115   -5.0874646e-06   -2.4600613e-06   -0.00046024815
          -16.815                0           -2.345   -3.6622787e-05    -8.309231e-08   -0.00048935635
          -16.815                0           -0.575   -9.6814125e-05     1.327342e-06   -0.00048719216
          -16.815                0            1.195   -0.00017523544   -4.1162621e-06   -0.00044536206
          -16.815                0            2.965   -0.00024017823   -1.8673352e-06   -0.00035157622
          -16.815                0            4.735    -0.0002565668    5.1569486e-07   -0.00025354576
          -16.815                0            6.505   -0.00025409722    6.1162882e-07   -0.00016488947
          -16.815                0            8.275   -0.00024045396   -1.4976574e-06   -9.1612397e-05
          -16.815                0           10.045    -0.0002321729   -2.4149813e-08   -2.6666839e-05
          -15.045                0          -20.045     0.0003305994    2.7928081e-07   -2.4706775e-05
          -15.045                0          -18.275    0.00035111804   -7.1741579e-07   -7.2292867e-05
          -15.045                0          -16.505    0.00038898268    -1.343627e-06   -0.00014284553
          -15.045                0          -14.735    0.00042181258    6.1077355e-07   -0.00024886266
          -15.045                0          -12.965    0.00041731281    2.7424494e-06   -0.00041396171
          -15.045                0          -11.195    0.00030472543    8.2180424e-07    -0.0005766828
          -15.045                0           -9.425    0.00012964534   -4.6890395e-06   -0.00062349689
          -15.045                0           -7.655   -3.4313136e-05   -2.9104449e-06   -0.00055551389
          -15.045                0           -5.885   -2.3698254e-05   -1.2441681e-06   -0.00047463184
          -15.045                0           -4.115    1.7890992e-05    3.6439974e-06    -0.0004748691
          -15.045                0           -2.345    1.7873257e-05    3.2594726e-06   -0.00053579325
          -15.045                0           -0.575   -0.00011855683   -3.0871913e-06   -0.00061642111
          -15.045                0            1.195   -0.00031108985    1.8445176e-06   -0.00056147046
          -15.045                0            2.965     -0.000417414    8.8013121e-07   -0.00040558618
          -15.045                0            4.735   -0.00042244038   -4.5707509e-07    -0.0002502726
          -15.045                0            6.505   -0.00039103103    1.1053326e-06   -0.00013955279
          -15.045                0            8.275   -0.00035124036    2.6286116e-06   -7.6754499e-05
          -15.045                0           10.045       -0.0003325   -2.4018302e-06   -2.3358089e-05
          -13.275                0          -20.045    0.00043136236   -3.6704535e-07   -1.1291861e-05
          -13.275                0          -18.275    0.00046735461    1.7103932e-06   -3.1137257e-05
          -13.275                0          -16.505     0.0005334983    6.0878328e-06   -7.5861099e-05
          -13.275                0          -14.735    0.00065858453   -4.6270643e-06   -0.00018895179
          -13.275                0          -12.965    0.00075314305    1.5109872e-06   -0.00041332527
          -13.275                0          -11.195    0.00054342044   -1.7957393e-06   -0.00074363145
          -13.275                0           -9.425    5.4957214e-05   -6.3464659e-06   -0.00085523503
          -13.275                0           -7.655   -0.00022871146    6.7441456e-06   -0.00057909428
          -13.275                0           -5.885   -0.00011074172    5.7823554e-06   -0.00038091917
          -13.275                0           -4.115     7.523231e-05   -7.8828316e-07   -0.00035114787
          -13.275                0           -2.345    0.00025644799   -1.6727938e-05   -0.00057666446
          -13.275                0           -0.575   -4.8866554e-05   -2.6528769e-06   -0.00095656503
          -13.275                0            1.195   -0.00056104624   -1.4660267e-05   -0.00076401699
          -13.275                0            2.965   -0.00075696805   -1.9258846e-06   -0.00042657633
          -13.275                0            4.735   -0.00063259422     1.971966e-06   -0.00018110478
          -13.275                0            6.505   -0.00053673913   -5.3579261e-06   -8.2052589e-05
          -13.275                0            8.275   -0.00045291655    1.4267325e-06   -2.4655819e-05
          -13.275                0           10.045   -0.00043142264   -6.4925814e-08   -2.8051847e-06
          -11.505                0          -20.045    0.00049265823    2.4592819e-06     3.321813e-05
          -11.505                0          -18.275    0.00055501144   -1.6479344e-06    5.7366771e-05
          -11.505                0          -16.505     0.0006734198   -6.0847715e-06    5.9071321e-05
          -11.505                0          -14.735    0.00091205508    1.0728663e-06   -2.2094096e-06
          -11.505                0          -12.965     0.0012624786   -3.8026224e-07   -0.00016020946
          -11.505                0          -11.195     0.0018898636    4.2037364e-06    -0.0013637813
          -11.505                0           -9.425    -0.0011407766   -8.5174124e-06    -0.0019131564
          -11.505                0           -7.655   -0.00085857761   -1.2921048e-05   -0.00039284606
          -11.505                0           -5.885   -0.00029614527    2.7132382e-06    7.2001676e-06
          -11.505                0           -4.115    0.00028847021   -1.6264421e-06   -1.0682841e-05
          -11.505                0           -2.345    0.00078209164    1.8805891e-05    -0.0003926128
          -11.505                0           -0.575    0.00093791989   -1.2421415e-06    -0.0020824594
          -11.505                0            1.195    -0.0018006344   -7.8467483e-06    -0.0014782915
          -11.505                0            2.965    -0.0012503715    2.4343153e-05   -0.00018508143
          -11.505                0            4.735   -0.00091652031   -1.7867333e-05    1.6483918e-06
          -11.505                0            6.505   -0.00067517709    8.0251277e-07    6.1172446e-05
          -11.505                0            8.275   -0.00055380387   -1.5369787e-06    5.0193434e-05
          -11.505                0           10.045   -0.00049297791   -6.9437374e-07    1.9083036e-05
           -9.735                0          -20.045    0.00052043586    1.2358032e-06    5.2188669e-05
           -9.735                0          -18.275    0.00058750052   -3.3287263e-06    0.00015991484
           -9.735                0          -16.505    0.00073512906    -7.742432e-06    0.00024763265
           -9.735                0          -14.735     0.0010634363    4.2670454e-06    0.00041423706
           -9.735                0          -12.965     0.0016843956   -4.9168339e-06    0.00063760084
           -9.735                0          -11.195     0.0039942916   -2.1821044e-05     0.0015223413
           -9.735                0           -9.425    -0.0023319977   -8.0593141e-05     0.0021651036
           -9.735                0           -7.655    -0.0015226932    3.3926346e-05    0.00092403841
           -9.735                0           -5.885   -0.00039810024     1.167512e-05    0.00074367499
           -9.735                0           -4.115    0.00039168412   -1.0983177e-05    0.00075372431
           -9.735                0           -2.345     0.0016074107   -2.5047161e-06    0.00082632003
           -9.735                0           -0.575     0.0023626178    6.6714165e-05     0.0021337229
           -9.735                0            1.195    -0.0038715843   -4.9053713e-05     0.0014699562
           -9.735                0            2.965    -0.0016781962    1.9651734e-05      0.000607269
           -9.735                0            4.735     -0.001067952   -2.1994074e-06    0.00039563517
           -9.735                0            6.505   -0.00073117181    3.8705753e-06    0.00025201196
           -9.735                0            8.275   -0.00058667245   -1.0591298e-06    0.00013834443
           -9.735                0           10.045   -0.00052167615    1.3630597e-08    3.7307207e-05
           -7.965                0          -20.045    0.00049981219   -2.6656926e-07    6.7605113e-05
           -7.965                0          -18.275    0.00057301088   -2.5151194e-06    0.00023680454
           -7.965                0          -16.505    0.00068954896    3.4531915e-06    0.00045482945
           -7.965                0          -14.735    0.00096227287    6.1429364e-07    0.00079173438
           -7.965                0          -12.965     0.0012149225   -5.2681517e-06     0.0013384554
           -7.965                0          -11.195     0.0014086821    7.1119416e-06     0.0027813448
           -7.965                0           -9.425   -0.00033417076    4.4959233e-07     0.0032990442
           -7.965                0           -7.655   -0.00072900392   -1.4562368e-06     0.0019706856
           -7.965                0           -5.885   -0.00024684711    9.8047567e-06     0.0013995429
           -7.965                0           -4.115    0.00026811802   -7.9817337e-06     0.0014287615
           -7.965                0           -2.345    0.00071061961    1.0813669e-05     0.0019249034
           -7.965                0           -0.575    0.00042394834    2.5697218e-05     0.0032960917
           -7.965                0            1.195      -0.00134067   -2.9602503e-05     0.0027799914
           -7.965                0            2.965    -0.0012705429     1.593374e-05     0.0013521489
           -7.965                0            4.735   -0.00096208742    -1.900662e-07    0.00078377582
           -7.965                0            6.505   -0.00069575838    -6.098518e-06    0.00043823014
           -7.965                0            8.275   -0.00056139403     -1.53369e-06    0.00024860961
           -7.965                0           10.045    -0.0005049571   -8.8814522e-07    7.7752251e-05
           -6.195                0          -20.045      0.000446716   -8.8850015e-07    8.6447159e-05
           -6.195                0          -18.275    0.00048653674    3.8337862e-07    0.00032413242
           -6.195                0          -16.505    0.00057293114    7.7554819e-07    0.00060107454
           -6.195                0          -14.735    0.00069017895    2.0045991e-07    0.00098090351
           -6.195                0          -12.965    0.00078492146    2.0289554e-07     0.0015419774
           -6.195                0          -11.195     0.0005837307    6.6539942e-06      0.002176655
           -6.195                0           -9.425    7.8540943e-05    7.4806853e-06      0.002407847
           -6.195                0           -7.655   -0.00017796429   -4.6043228e-06     0.0020710931
           -6.195                0           -5.885   -0.00011767037   -7.0556877e-07      0.001794514
           -6.195                0           -4.115    9.0357658e-05   -9.5904022e-07     0.0018591145
           -6.195                0           -2.345    0.00025033689    -5.514341e-06     0.0020800431
           -6.195                0           -0.575   -7.8492252e-05    2.3946875e-06     0.0024043259
           -6.195                0            1.195   -0.00057405053   -6.3496645e-06     0.0021500008
           -6.195                0            2.965   -0.00077545695   -2.8410254e-06     0.0015071773
           -6.195                0            4.735   -0.00069222745     4.376634e-07     0.0010098323
           -6.195                0            6.505    -0.0005591482    6.9970638e-06    0.00059650029
           -6.195                0            8.275    -0.0004885642    8.5934062e-08    0.00031661335
           -6.195                0           10.045   -0.00044454369   -2.0606503e-06    8.8707646e-05
           -4.425                0          -20.045    0.00033467903   -1.0728943e-06    0.00012273577
           -4.425                0          -18.275    0.00036409328     8.820175e-07    0.00038160742
           -4.425                0          -16.505    0.00041113736   -2.2389399e-06     0.0006847445
           -4.425                0          -14.735    0.00046226115    2.6716641e-06     0.0010566805
           -4.425                0          -12.965     0.0004562125    8.9747482e-07     0.0014725227
           -4.425                0          -11.195    0.00032792171   -1.3260512e-06     0.0018613542
           -4.425                0           -9.425     0.0001186851     -1.95442e-06     0.0020629356
           -4.425                0           -7.655   -2.5090221e-05    4.1280614e-06     0.0020149103
           -4.425                0           -5.885   -4.2649404e-05   -2.8334398e-06     0.0019006905
           -4.425                0           -4.115    2.1404692e-05    3.9736228e-06     0.0019039849
           -4.425                0           -2.345    5.3116273e-05   -3.1991594e-06     0.0020176885
           -4.425                0           -0.575   -0.00012983051   -1.8300507e-06     0.0020674421
           -4.425                0            1.195   -0.00032405672    7.7802933e-06     0.0018698133
           -4.425                0            2.965   -0.00044647956   -5.6780855e-06     0.0014662255
           -4.425                0            4.735   -0.00046814969     5.005053e-06     0.0010492654
           -4.425                0            6.505   -0.00041689083    2.6297412e-06    0.00069313508
           -4.425                0            8.275   -0.00036231417   -2.4727774e-07    0.00038428648
           -4.425                0           10.045   -0.00033520031    5.1189772e-08     0.0001209887
           -2.655                0          -20.045     0.0002097488    -3.230889e-07    0.00012807797
           -2.655                0          -18.275    0.00022345595    8.7874798e-07    0.00041310958
           -2.655                0          -16.505    0.00024434185    1.0137637e-06    0.00072570826
           -2.655                0          -14.735    0.00025759352   -8.2015356e-07     0.0010607369
           -2.655                0          -12.965    0.00025221313    1.5487676e-06     0.0014222715
           -2.655                0          -11.195     0.0001722984   -7.2390594e-07     0.0017467625
           -2.655                0           -9.425    8.4910418e-05    -3.274625e-06     0.0019270091
           -2.655                0           -7.655     1.795181e-05    9.0838444e-07     0.0019532747
           -2.655                0           -5.885   -5.5905575e-06    7.5392086e-07     0.0019448297
           -2.655                0           -4.115    3.2145867e-06    1.1504884e-06     0.0019425459
           -2.655                0           -2.345   -1.3184508e-05    1.7926307e-06     0.0019602648
           -2.655                0           -0.575   -7.9162783e-05   -5.9358626e-06     0.0019180751
           -2.655                0            1.195   -0.00019887832    4.6970345e-06     0.0017479069
           -2.655                0            2.965   -0.00024408467   -1.6213471e-07     0.0014331436
           -2.655                0            4.735   -0.00026782358    1.2357486e-06     0.0010713756
           -2.655                0            6.505   -0.00024349058    9.0263148e-07    0.00072087831
           -2.655                0            8.275   -0.00022208955   -1.2181863e-07    0.00040899767
           -2.655                0           10.045    -0.0002102466   -3.5112316e-07    0.00012517466
           -0.885                0          -20.045    7.0490903e-05   -2.4851033e-07    0.00013255795
           -0.885                0          -18.275    7.5370721e-05    7.1058821e-08    0.00042172274
           -0.885                0          -16.505     8.226608e-05     2.761808e-07    0.00073548639
           -0.885                0          -14.735    8.5936088e-05   -2.8986483e-07     0.0010693255
           -0.885                0          -12.965    7.3758165e-05    1.4155448e-06      0.001402567
           -0.885                0          -11.195    5.6689059e-05   -7.9746599e-07     0.0016679702
           -0.885                0           -9.425    3.2362441e-05   -2.4661404e-06     0.0018437325
           -0.885                0           -7.655    5.9774443e-06    2.9455987e-06     0.0019268938
           -0.885                0           -5.885   -6.3341986e-07    3.6754355e-07     0.0019407871
           -0.885                0           -4.115   -1.0839484e-06   -1.4022472e-06     0.0019360825
           -0.885                0           -2.345   -1.1518341e-05   -8.5820716e-07     0.0019206897
           -0.885                0           -0.575   -2.3672232e-05   -1.5206167e-06     0.0018505474
           -0.885                0            1.195   -6.4580592e-05    1.0497248e-06     0.0016779616
           -0.885                0            2.965   -7.4126001e-05    -2.952318e-06     0.0014020345
           -0.885                0            4.735   -8.6857879e-05    1.9294457e-06     0.0010707587
           -0.885                0            6.505   -8.2423794e-05    -1.097349e-06    0.00073537981
           -0.885                0            8.275   -7.4793687e-05    6.0387083e-07    0.00042294929
           -0.885                0           10.045   -7.0502196e-05   -1.6658669e-07    0.00013384846
            0.885                0          -20.045   -7.0672861e-05    -1.889839e-07    0.00013277872
            0.885                0          -18.275   -7.3696407e-05    -6.649725e-08    0.00042231006
            0.885                0          -16.505   -8.1080623e-05    4.5188244e-09    0.00073579245
            0.885                0          -14.735   -8.4873762e-05    4.0225996e-07      0.001071316
            0.885                0          -12.965   -8.0991631e-05    4.0123859e-07     0.0014047577
            0.885                0          -11.195   -5.1049552e-05     3.492326e-06     0.0016838722
            0.885                0           -9.425   -2.6141875e-05   -3.1777593e-06     0.0018443404
            0.885                0           -7.655   -9.4597926e-06    3.7047562e-06     0.0019329708
            0.885                0           -5.885   -2.0470602e-06    4.5808332e-07     0.0019426986
            0.885                0           -4.115    1.4802091e-06    -6.149416e-07     0.0019370888
            0.885                0           -2.345    8.5740221e-06   -8.6884233e-07     0.0019168863
            0.885                0           -0.575    1.8902689e-05   -1.6621973e-06      0.001853037
            0.885                0            1.195    5.9848458e-05   -3.0234687e-06     0.0016773825
            0.885                0            2.965    7.7316181e-05    4.7007325e-07     0.0013947453
            0.885                0            4.735    8.4883606e-05    1.2674027e-06     0.0010710522
            0.885                0            6.505    8.1309234e-05   -7.2509465e-07    0.00073680567
            0.885                0            8.275    7.5261822e-05    3.3129982e-07    0.00042026877
            0.885                0           10.045    7.0563459e-05    -3.157993e-07    0.00013290021
            2.655                0          -20.045   -0.00020983774   -1.7396815e-08    0.00012590694
            2.655                0          -18.275   -0.00022208338   -7.2688852e-07    0.00041196722
            2.655                0          -16.505    -0.0002455072   -1.1200063e-07    0.00072294968
            2.655                0          -14.735   -0.00026277607     5.828515e-07     0.0010696279
            2.655                0          -12.965   -0.00024373861    1.1232903e-06     0.0014223112
            2.655                0          -11.195   -0.00018410856     2.131771e-06     0.0017392063
            2.655                0           -9.425    -8.098776e-05    -2.946992e-06      0.001919794
            2.655                0           -7.655   -7.6600591e-06    2.6631837e-06     0.0019647661
            2.655                0           -5.885    2.5964262e-06    3.3951272e-07     0.0019445147
            2.655                0           -4.115   -6.9260191e-06    1.1186245e-06     0.0019407651
            2.655                0           -2.345    1.7778171e-05   -1.1028069e-06     0.0019561453
            2.655                0           -0.575    8.1530619e-05   -2.8926497e-06     0.0019021065
            2.655                0            1.195    0.00018613169    1.2347055e-06     0.0017390625
            2.655                0            2.965    0.00024233997    6.4178084e-07     0.0014313932
            2.655                0            4.735    0.00026309438   -1.3593785e-06     0.0010700875
            2.655                0            6.505    0.00024552463     -9.06688e-07    0.00073174457
            2.655                0            8.275    0.00022505935    2.3070652e-07    0.00040958475
            2.655                0           10.045    0.00020832401    3.7570862e-07    0.00012674324
            4.425                0          -20.045    -0.0003362986    1.0510075e-07    0.00012288232
            4.425                0          -18.275   -0.00036088561   -1.0200256e-06     0.0003800682
            4.425                0          -16.505   -0.00041170811    1.1156512e-06    0.00068466761
            4.425                0          -14.735   -0.00046427891   -1.7801533e-06     0.0010502914
            4.425                0          -12.965   -0.00045308634    9.2422306e-07     0.0014751201
            4.425                0          -11.195   -0.00033299095   -6.4192891e-06     0.0018801977
            4.425                0           -9.425   -0.00012488174    2.0681975e-06      0.002048326
            4.425                0           -7.655    2.9083283e-05   -2.3788339e-06     0.0020012017
            4.425                0           -5.885     2.969575e-05   -2.5178806e-06     0.0019280119
            4.425                0           -4.115   -8.1632215e-06    7.1331351e-07     0.0019068923
            4.425                0           -2.345   -4.2537438e-05   -5.1750267e-06     0.0020170887
            4.425                0           -0.575    0.00011139276   -6.2795789e-06     0.0020687582
            4.425                0            1.195    0.00033182272    2.0067896e-06      0.001849161
            4.425                0            2.965    0.00045693654   -2.6607329e-06     0.0014879658
            4.425                0            4.735    0.00046391445    1.2974294e-06     0.0010443068
            4.425                0            6.505    0.00041232316     -8.27446e-07    0.00068624376
            4.425                0            8.275    0.00036601009   -5.4558222e-07    0.00038533291
            4.425                0           10.045    0.00033041032    8.2213501e-07    0.00011941964
            6.195                0          -20.045    -0.0004415446   -2.1719884e-06    8.9441666e-05
            6.195                0          -18.275   -0.00048808678    1.8325254e-06    0.00032057386
            6.195                0          -16.505   -0.00057777169   -6.9676111e-07    0.00061322242
            6.195                0          -14.735   -0.00070241652    1.6335761e-06    0.00098418968
            6.195                0          -12.965   -0.00078807224    6.1257197e-08     0.0015354406
            6.195                0          -11.195   -0.00059455889   -3.0876604e-06     0.0021573603
            6.195                0           -9.425    -7.960415e-05    1.8409537e-08     0.0024042143
            6.195                0           -7.655    0.00023296544    1.0549161e-05     0.0020866611
            6.195                0           -5.885     8.916467e-05   -1.5821804e-05     0.0017782206
            6.195                0           -4.115   -9.0512855e-05    1.0896893e-05     0.0018208071
            6.195                0           -2.345   -0.00024398929   -8.3955492e-06     0.0020807337
            6.195                0           -0.575    8.9573747e-05    8.5476167e-06     0.0024107336
            6.195                0            1.195    0.00056838489   -3.2843718e-07     0.0021683408
            6.195                0            2.965    0.00078154076    5.6363879e-06     0.0015175685
            6.195                0            4.735    0.00070178864   -5.6753597e-06      0.001014034
            6.195                0            6.505    0.00055962265     7.802787e-06    0.00059121801
            6.195                0            8.275    0.00049436913    2.1667202e-06    0.00032709981
            6.195                0           10.045    0.00044278053   -1.5421498e-06    8.5182226e-05
            7.965                0          -20.045   -0.00050134381   -2.9497273e-06    7.9341728e-05
            7.965                0          -18.275   -0.00056298927   -2.1113547e-06    0.00024769647
            7.965                0          -16.505   -0.00070838764    1.2550763e-06    0.00044774846
            7.965                0          -14.735   -0.00094795943   -1.7452173e-06     0.0007717011
            7.965                0          -12.965    -0.0012670594   -1.5979258e-05     0.0013909684
            7.965                0          -11.195    -0.0014187319    1.5622478e-05     0.0027954953
            7.965                0           -9.425    0.00042557673    2.8400627e-05      0.003342798
            7.965                0           -7.655    0.00071976322    -3.126369e-07     0.0019682273
            7.965                0           -5.885    0.00028489361   -4.4320145e-06     0.0014650528
            7.965                0           -4.115   -0.00033012373    1.7444325e-05     0.0014240933
            7.965                0           -2.345     -0.000712946    5.2527895e-07     0.0019745973
            7.965                0           -0.575    -0.0004138778   -7.9276342e-06     0.0033732308
            7.965                0            1.195      0.001466127   -2.9538567e-05     0.0028356193
            7.965                0            2.965      0.001218818   -1.3154411e-05     0.0013963426
            7.965                0            4.735    0.00095647422   -1.1437692e-05    0.00077541155
            7.965                0            6.505    0.00070108566    3.6284036e-06    0.00045903909
            7.965                0            8.275    0.00056618603    7.3258889e-08    0.00022740933
            7.965                0           10.045    0.00049949548   -9.6704161e-07    6.7929977e-05
            9.735                0          -20.045   -0.00052496482    1.1852881e-06    4.3511369e-05
            9.735                0          -18.275   -0.00058160856   -1.5019314e-06    0.00013829413
            9.735                0          -16.505   -0.00075008284    6.2986492e-06    0.00024778835
            9.735                0          -14.735    -0.0010428879   -1.0407041e-06    0.00039491692
            9.735                0          -12.965    -0.0017378987     4.298181e-07    0.00061002228
            9.735                0          -11.195    -0.0038056097   -7.9269148e-06     0.0016584524
            9.735                0           -9.425      0.002339273     9.487303e-08     0.0021300034
            9.735                0           -7.655     0.0015573568    1.9033116e-05     0.0010174712
            9.735                0           -5.885     0.0003999024   -2.2988432e-05    0.00071787642
            9.735                0           -4.115   -0.00039527213    2.4580235e-05    0.00073218677
            9.735                0           -2.345    -0.0014579013    1.8546667e-05     0.0009564723
            9.735                0           -0.575    -0.0023296862    4.3150369e-05     0.0021361627
            9.735                0            1.195     0.0036251894   -1.9194082e-05     0.0015397897
            9.735                0            2.965     0.0017036526     1.827712e-05    0.00062004727
            9.735                0            4.735     0.0010309147   -3.1088684e-06     0.0004209475
            9.735                0            6.505    0.00074808695     7.415606e-07     0.0002447048
            9.735                0            8.275      0.000586104   -2.9916719e-06    0.00013826549
            9.735                0           10.045    0.00052645407    7.2471994e-07    3.7965223e-05
           11.505                0          -20.045   -0.00049488549    1.2029568e-06    1.5360731e-05
           11.505                0          -18.275   -0.00054547563   -1.2786891e-06    4.1341566e-05
           11.505                0          -16.505   -0.00068795972   -1.8212231e-06    5.7665689e-05
           11.505                0          -14.735   -0.00089948921    2.6257394e-06    1.6373175e-05
           11.505                0          -12.965    -0.0013287589    1.7189468e-06   -0.00022419536
           11.505                0          -11.195    -0.0018561133    4.3729169e-06    -0.0014985873
           11.505                0           -9.425     0.0010564638   -2.8038892e-05    -0.0020621668
           11.505                0           -7.655    0.00081503054    2.0120933e-07   -0.00029327176
           11.505                0           -5.885    0.00032513172    8.1476192e-06    3.4901332e-05
           11.505                0           -4.115   -0.00031333975   -1.7896698e-05    1.0105763e-05
           11.505                0           -2.345   -0.00082747394    1.8630436e-07   -0.00029453437
           11.505                0           -0.575   -0.00088894228    8.3519808e-06    -0.0020277842
           11.505                0            1.195     0.0019182059   -1.3008669e-05    -0.0014120142
           11.505                0            2.965     0.0012863541   -2.5499164e-06   -0.00026527236
           11.505                0            4.735    0.00089622202    1.4581219e-06    2.0307893e-05
           11.505                0            6.505    0.00068451866   -2.5542522e-07    6.1507832e-05
           11.505                0            8.275    0.00055977795   -1.3502868e-06    4.4529894e-05
           11.505                0           10.045    0.00048885326    1.5438218e-07    2.1422342e-05
           13.275                0          -20.045   -0.00042959361   -7.5095011e-07   -4.4185358e-06
           13.275                0          -18.275   -0.00045735118    1.3513918e-06   -2.5953865e-05
           13.275                0          -16.505   -0.00053085177   -2.9611783e-07   -8.1574384e-05
           13.275                0          -14.735   -0.00065628212   -2.6704549e-06   -0.00017500779
           13.275                0          -12.965   -0.00073201885   -1.4631706e-06   -0.00042778955
           13.275                0          -11.195   -0.00055282528    4.9668788e-06   -0.00076866942
           13.275                0           -9.425   -8.4969404e-05   -1.5763976e-06   -0.00093797379
           13.275                0           -7.655    0.00027387514   -5.1533323e-07   -0.00059093343
           13.275                0           -5.885    8.8909597e-05   -3.3097995e-06   -0.00035541257
           13.275                0           -4.115   -0.00011994364    4.6512778e-06   -0.00036777687
           13.275                0           -2.345   -0.00018304397    1.4330428e-06   -0.00062035129
           13.275                0           -0.575      6.76622e-05    7.7323748e-06   -0.00090084661
           13.275                0            1.195    0.00058840541    1.1230853e-05   -0.00077001593
           13.275                0            2.965    0.00072880421    3.8247404e-06   -0.00044621615
           13.275                0            4.735     0.0006348383    3.5935946e-06   -0.00018759823
           13.275                0            6.505    0.00054427184    2.8127959e-06   -7.8829726e-05
           13.275                0            8.275    0.00046476416   -7.5100979e-07   -2.5594431e-05
           13.275                0           10.045     0.0004311752    1.4755062e-07   -5.3295521e-06
           15.045                0          -20.045   -0.00033258551    2.3440771e-06     -2.12376e-05
           15.045                0          -18.275   -0.00035054624   -7.1951899e-07   -7.0636219e-05
           15.045                0          -16.505   -0.00038801963    1.1572121e-07    -0.0001442293
           15.045                0          -14.735   -0.00041190669    9.0572246e-07   -0.00024330952
           15.045                0          -12.965   -0.00042902346    2.5181512e-06   -0.00040530946
           15.045                0          -11.195   -0.00029871979    9.9731915e-07   -0.00056459842
           15.045                0           -9.425   -0.00011964492    5.0976905e-07   -0.00061078364
           15.045                0           -7.655      4.14755e-06    1.3386883e-06   -0.00054341427
           15.045                0           -5.885    1.8541445e-05    4.2645461e-06   -0.00047349016
           15.045                0           -4.115    -7.568387e-06    9.7500401e-07   -0.00045289297
           15.045                0           -2.345   -1.8855513e-05    1.1172588e-06    -0.0005438815
           15.045                0           -0.575    0.00011050249    9.5882433e-07   -0.00061684143
           15.045                0            1.195      0.000292235   -1.9430595e-06   -0.00056699611
           15.045                0            2.965    0.00042969064    3.5764642e-06   -0.00040106947
           15.045                0            4.735    0.00042766973    4.1449175e-07   -0.00024091918
           15.045                0            6.505    0.00039428708   -1.0175663e-06   -0.00013431485
           15.045                0            8.275    0.00035113576   -6.3946209e-07   -7.0928036e-05
           15.045                0           10.045    0.00033214333    3.0376086e-06   -2.2455402e-05
           16.815                0          -20.045   -0.00023302369   -4.3878799e-07   -2.6833555e-05
           16.815                0          -18.275   -0.00024020452    8.2807219e-07   -9.1623777e-05
           16.815                0          -16.505   -0.00024911045    9.7057273e-07   -0.00016149413
           16.815                0          -14.735   -0.00026275357   -3.2653043e-07   -0.00025262844
           16.815                0          -12.965   -0.00023469617   -3.3898682e-06   -0.00035109834
           16.815                0          -11.195   -0.00017532861   -1.0949458e-07   -0.00044378961
           16.815                0           -9.425   -9.6942429e-05    1.1911528e-06   -0.00048519042
           16.815                0           -7.655   -3.0473107e-05   -1.0228787e-06   -0.00048375677
           16.815                0           -5.885   -6.8897693e-06   -1.3761547e-07   -0.00046779873
           16.815                0           -4.115    3.8750104e-06   -1.4307426e-07   -0.00046813319
           16.815                0           -2.345     3.239893e-05   -1.7165687e-06   -0.00047752427
           16.815                0           -0.575    9.0681606e-05     3.159696e-06   -0.00048245062
           16.815                0            1.195    0.00018115934    -2.228132e-06   -0.00043652247
           16.815                0            2.965    0.00023947607   -5.1230832e-06   -0.00035383183
           16.815                0            4.735    0.00025123876   -5.6213065e-07   -0.00026425254
           16.815                0            6.505    0.00024980752   -6.0421478e-08   -0.00016388412
           16.815                0            8.275    0.00024116244     5.491583e-07   -9.4278446e-05
           16.815                0           10.045    0.00023288612   -1.5732193e-06   -2.7379327e-05
           18.585                0          -20.045   -0.00012978759   -1.3028442e-06   -3.1019008e-05
           18.585                0          -18.275   -0.00013267589   -1.5051164e-06   -9.8980643e-05
           18.585                0          -16.505   -0.00013767064    9.8903001e-09   -0.00017166647
           18.585                0          -14.735   -0.00013496651   -8.2487077e-08   -0.00024958735
           18.585                0          -12.965   -0.00012111163    3.7047408e-07   -0.00032903755
           18.585                0          -11.195   -9.6024174e-05    4.3906954e-07   -0.00039305529
           18.585                0           -9.425   -5.6457782e-05   -1.1518844e-06   -0.00043611592
           18.585                0           -7.655   -2.3780754e-05   -2.4967994e-07   -0.00044901596
           18.585                0           -5.885   -9.6003832e-06    6.3231067e-07   -0.00045395852
           18.585                0           -4.115    8.6960144e-06    2.1615952e-07   -0.00045377997
           18.585                0           -2.345    2.0926813e-05   -1.5218961e-06   -0.00044963878
           18.585                0           -0.575    5.7800589e-05   -2.0805874e-06   -0.00043418841
           18.585                0            1.195    8.7887413e-05    5.6720012e-07   -0.00039607752
           18.585                0            2.965    0.00012991109    5.3821987e-07   -0.00033039748
           18.585                0            4.735    0.00013666377    8.4286216e-07   -0.00024820515
           18.585                0            6.505    0.00013879055    4.1562873e-07   -0.00017031765
           18.585                0            8.275    0.00013311507    1.1128054e-06   -9.8395336e-05
           18.585                0           10.045    0.00012958635   -3.8862117e-07   -3.0956828e-05
           20.355                0          -20.045   -2.9873041e-05    1.3885466e-07   -3.1435429e-05
           20.355                0          -18.275   -3.0041534e-05     2.133429e-07   -9.9657278e-05
           20.355                0          -16.505    -3.091681e-05    8.9684045e-07   -0.00017103011
           20.355                0          -14.735   -2.9267128e-05    5.5926989e-07   -0.00024428964
           20.355                0          -12.965   -2.5005444e-05    5.4790883e-07    -0.0003155265
           20.355                0          -11.195   -1.8817471e-05   -1.1227978e-06   -0.00036882918
           20.355                0           -9.425   -1.3788219e-05    3.4243891e-07   -0.00041009797
           20.355                0           -7.655    -8.197786e-06    3.6336314e-07   -0.00042917382
           20.355                0           -5.885   -4.7060621e-06   -2.4001497e-07   -0.00044037873
           20.355                0           -4.115    4.6451337e-06   -3.4416109e-07   -0.00044214848
           20.355                0           -2.345    5.9315353e-06    1.0871335e-06    -0.0004313153
           20.355                0           -0.575    1.6796412e-05    2.9655976e-06   -0.00041316185
           20.355                0            1.195    1.9843257e-05   -1.0579328e-06   -0.00036639086
           20.355                0            2.965    2.5342577e-05    1.5400622e-06   -0.00031426168
           20.355                0            4.735    2.9750789e-05    1.3080046e-07   -0.00024428184
           20.355                0            6.505    3.0864212e-05    -8.057869e-07   -0.00017165444
           20.355                0            8.275    2.9813818e-05   -2.5232839e-07   -9.9733166e-05
           20.355                0           10.045    2.9693612e-05   -3.9277836e-08    -3.154669e-05
