0.5A 2R left 2cm 霍尔电流 5.00mA		0.5A 2R left 4cm 霍尔电流 5.00mA		0.5A 2R left 6cm 霍尔电流 5.00mA		0.5A 2R left 8cm 霍尔电流 5.00mA		0.5A R left 2cm 霍尔电流 5.00mA		0.5A R left 4cm 霍尔电流 5.00mA		0.5A R left 6cm 霍尔电流 5.00mA		0.5A left 8cm 霍尔电流 5.00mA		0.5A 0.5R left 2cm 霍尔电流 5.00mA		0.5A 0.5R left 4cm 霍尔电流 5.00mA		0.5A 0.5R left 6cm 霍尔电流 5.00mA		0.5A 0.5R left 8cm 霍尔电流 5.00mA		2R		R		0.5R		B&I +2.5cm left 8cm		B&I +0cm left 0cm		B&I -1cm right 4cm		B&I -1cm right 4cm	
-19	0.64	-19	0.58	-19	0.51	-19	0.4	-19	0.31	-19	0.29	-19	0.25	-19	0.21	-19	0.25	-19	0.24	-19	0.21	-19	0.18	-19.5	0.55	-19	0.34	-19	0.29	0.15	-0.98	0.15	-0.74	0.15	-0.82	0.15	-0.74
-18	0.75	-18	0.67	-18	0.6	-18	0.47	-18	0.36	-18	0.33	-18	0.29	-18	0.24	-18	0.29	-18	0.27	-18	0.24	-18	0.2	-18	0.68	-17	0.45	-18	0.33	0.3	-1.96	0.3	-1.48	0.3	-1.64	0.3	-1.48
-17	0.86	-17	0.77	-17	0.7	-17	0.56	-17	0.41	-17	0.38	-17	0.33	-17	0.27	-17	0.33	-17	0.32	-17	0.27	-17	0.23	-16.5	0.83	-15	0.59	-17	0.38	0.45	-2.94	0.45	-2.23	0.45	-2.46	0.45	-2.23
-16	0.99	-16	0.9	-16	0.85	-16	0.67	-16	0.48	-16	0.45	-16	0.39	-16	0.31	-16	0.39	-16	0.36	-16	0.32	-16	0.26	-15	1	-13	0.79	-15.5	0.46								
-15	1.11	-15	1.03	-15	0.99	-15	0.85	-15	0.56	-15	0.52	-15	0.45	-15	0.36	-15	0.45	-15	0.41	-15	0.363	-15	0.3	-14	1.13	-11	1.04	-13.5	0.6								
-14	1.23	-14	1.18	-14	1.18	-14	1.09	-14	0.65	-14	0.61	-14	0.53	-14	0.41	-14	0.52	-14	0.48	-14	0.43	-14	0.34	-13	1.24	-9	1.33	-11.5	0.8								
-13	1.34	-13	1.33	-13	1.4	-13	1.4	-13	0.76	-13	0.71	-13	0.61	-13	0.49	-13	0.61	-13	0.57	-13	0.5	-13	0.39	-12	1.34	-7	1.61	-9.5	1.08								
-12	1.42	-12	1.45	-12	1.59	-12	1.85	-12	0.88	-12	0.83	-12	0.73	-12	0.57	-12	0.71	-12	0.66	-12	0.58	-12	0.45	-11	1.41	-5	1.82	-7.5	1.42								
-11	1.46	-11	1.53	-11	1.73	-11	2.24	-11	1.01	-11	0.97	-11	0.89	-11	0.68	-11	0.84	-11	0.77	-11	0.67	-11	0.52	-10.5	1.44	-4	1.87	-6.5	1.62								
-10.5	1.46	-10.5	1.56	-10.5	1.74	-10.5	2.35	-10	1.15	-10	1.12	-10	1.03	-10	0.83	-10	0.97	-10	0.9	-10	0.79	-10	0.61	-10	1.46	-3	1.91	-5.5	1.8								
-10	1.47	-10	1.56	-10	1.78	-10	2.4	-9	1.31	-9	1.3	-9	1.24	-9	1.04	-9	1.13	-9	1.05	-9	0.94	-9	0.72	-9.5	1.46	-2	1.91	-4.5	1.98								
-9.5	1.47	-9.5	1.57	-9.5	1.79	-9.5	2.31	-8	1.47	-8	1.47	-8	1.49	-8	1.37	-8	1.29	-8	1.23	-8	1.12	-8	0.87	-9	1.46	-1.5	1.92	-3.5	2.15								
-9	1.44	-9	1.54	-9	1.73	-9	2.18	-7	1.6	-7	1.64	-7	1.75	-7	1.79	-7	1.48	-7	1.44	-7	1.33	-7	1.06	-7.5	1.4	-1	1.92	-2.5	2.29								
-8	1.38	-8	1.47	-8	1.58	-8	1.76	-6	1.73	-6	1.79	-6	1.97	-6	2.36	-6	1.68	-6	1.66	-6	1.59	-6	1.33	-6	1.29	-0.5	1.92	-1.5	2.38								
-7	1.3	-7	1.37	-7	1.41	-7	1.43	-5	1.82	-5	1.89	-5	2.12	-5	2.81	-5	1.88	-5	1.89	-5	1.89	-5	1.75	-4	1.12	0	1.92	-1	2.42								
-6	1.21	-6	1.26	-6	1.25	-6	1.15	-4	1.88	-4	1.94	-4	2.14	-4	2.71	-4	2.07	-4	2.12	-4	2.2	-4	2.34	-2	1	0.5	1.92	-0.5	2.44								
-5	1.12	-5	1.15	-5	1.1	-5	0.97	-3	1.9	-3	1.96	-3	2.07	-3	2.28	-3	2.23	-3	2.31	-3	2.48	-3	3.05	-1	0.96	1	1.92	0	2.44								
-4	1.04	-4	1.06	-4	0.99	-4	0.84	-2	1.92	-2	1.94	-2	1.96	-2	1.9	-2.5	2.31	-2.5	2.4	-2.5	2.6	-2.5	3.3	-0.5	0.95	1.5	1.92	0.5	2.43								
-3	0.98	-3	0.98	-3	0.9	-3	0.75	-1	1.92	-1	1.92	-1	1.87	-1	1.66	-2	2.36	-2	2.47	-2	2.68	-2	3.32	0	0.94	2	1.91	1	2.42								
-2.5	0.94	-2.5	0.95	-2.5	0.87	-2.5	0.72	-0.5	1.92	-0.5	1.91	-0.5	1.84	-0.5	1.59	-1.5	2.41	-1.5	2.52	-1.5	2.75	-1.5	3.28	0.5	0.94	3	1.9	1.5	2.39								
-2	0.94	-2	0.93	-2	0.84	-2	0.69	0	1.91	0	1.9	0	1.83	0	1.56	-1	2.45	-1	2.56	-1	2.8	-1	3.25	1	0.95	4	1.87	2.5	2.3								
-1.5	0.91	-1.5	0.91	-1.5	0.82	-1.5	0.67	0.5	1.92	0.5	1.91	0.5	1.83	0.5	1.57	-0.6	2.47	-0.6	2.58	-0.6	2.81	-0.6	3.17	2	0.98	5	1.82	3.5	2.16								
-1	0.91	-1	0.9	-1	0.81	-1	0.66	1	1.92	1	1.91	1	1.85	1	1.6	-0.3	2.47	-0.3	2.6	-0.3	2.83	-0.3	3.06	4	1.08	7	1.62	4.5	2								
-0.6	0.9	-0.6	0.89	-0.6	0.8	-0.6	0.65	2	1.92	2	1.93	2	1.92	2	1.73	0	2.48	0	2.61	0	2.82	0	3.03	6	1.24	9	1.34	5.5	1.81								
-0.3	0.9	-0.3	0.89	-0.3	0.8	-0.3	0.65	3	1.91	3	1.95	3	2.03	3	2.07	0.3	2.48	0.3	2.61	0.3	2.83	0.3	3.04	7.5	1.36	11	1.06	7.5	1.43								
0	0.92	0	0.89	0	0.79	0	0.65	4	1.88	4	1.95	4	2.12	4	2.47	0.6	2.47	0.6	2.6	0.6	2.83	0.6	3.07	9	1.44	13	0.8	8.5	1.25								
0.3	0.91	0.3	0.89	0.3	0.8	0.3	0.65	5	1.83	5	1.91	5	2.14	5	2.77	1	2.46	1	2.58	1	2.82	1	3.14	9.5	1.45	15	0.61	9.5	1.09								
0.6	0.92	0.6	0.9	0.6	0.8	0.6	0.65	6	1.75	6	1.82	6	2.04	6	2.62	1.5	2.43	1.5	2.56	1.5	2.8	1.5	3.24	10	1.46	17	0.46	11.5	0.81								
1	0.94	1	0.9	1	0.81	1	0.66	7	1.63	7	1.7	7	1.86	7	2.13	2	2.39	2	2.52	2	2.76	2	3.33	10.5	1.45	19	0.35	13.5	0.61								
1.5	0.94	1.5	0.92	1.5	0.82	1.5	0.67	8	1.49	8	1.52	8	1.58	8	1.63	2.5	2.33	2.5	2.47	2.5	2.7	2.5	3.31	11	1.43			16.5	0.4								
2	0.97	2	0.94	2	0.84	2	0.69	9	1.34	9	1.35	9	1.35	9	1.28	3	2.28	3	2.4	3	2.62	3	3.19	12	1.37												
2.5	0.99	2.5	0.96	2.5	0.87	2.5	0.72	10	1.19	10	1.17	10	1.16	10	1.02	4	2.12	4	2.21	4	2.39	4	2.66	13	1.29												
3	1.04	3	0.99	3	0.91	3	0.75	11	1.04	11	1.02	11	0.96	11	0.83	5	1.93	5	2.01	5	2.09	5	2.09	14	1.18												
4	1.11	4	1.07	4	1	4	0.83	12	0.91	12	0.88	12	0.81	12	0.69	6	1.75	6	1.78	6	1.8	6	1.62	15	1.06												
5	1.19	5	1.18	5	1.12	5	0.96	13	0.78	13	0.75	13	0.69	13	0.58	7	1.54	7	1.55	7	1.15	7	1.26	16.5	0.88												
6	1.28	6	1.29	6	1.27	6	1.17	14	0.67	14	0.64	14	0.58	14	0.49	8	1.35	8	1.33	8	1.26	8	1.04	18	0.72												
7	1.37	7	1.39	7	1.44	7	1.46	15	0.57	15	0.55	15	0.5	15	0.43	9	1.17	9	1.14	9	1.07	9	0.85	20	0.54												
8	1.43	8	1.49	8	1.62	8	1.86	16	0.49	16	0.48	16	0.43	16	0.36	10	1.01	10	0.98	10	0.89	10	0.73														
9	1.47	9	1.54	9	1.74	9	2.23	17	0.43	17	0.41	17	0.36	17	0.32	11	0.87	11	0.83	11	0.77	11	0.61														
9.5	1.46		1.54		1.76		2.32	18	0.37	18	0.35	18	0.32	18	0.27	12	0.74	12	0.72	12	0.65	12	0.53														
10	1.47	10	1.55	10	1.77	10	2.39	19	0.32	19	0.3	19	0.28	19	0.24	13	0.64	13	0.61	13	0.55	13	0.46														
10.5	1.44		1.54		1.76		2.33									14	0.55	14	0.53	14	0.48	14	0.39														
11	1.42	11	1.5	11	1.7	11	2.15									15	0.47	15	0.45	15	0.41	15	0.34														
12	1.34	12	1.41	12	1.53	12	1.74									16	0.4	16	0.39	16	0.35	16	0.3														
13	1.24	13	1.28	13	1.34	13	1.36									17	0.35	17	0.34	17	0.31	17	0.26														
14	1.11	14	1.14	14	1.14	14	1.06									18	0.3	18	0.29	18	0.27	18	0.23														
15	0.99	15	1	15	0.97	15	0.86									19	0.27	19	0.25	19	0.23	19	0.2														
16	0.87	16	0.86	16	0.81	16	0.71																														
17	0.76	17	0.74	17	0.7	17	0.59																														
18	0.65	18	0.64	18	0.59	18	0.49																														
19	0.56	19	0.55	19	0.5	19	0.42																														
